0.0212649
0.0211204
-0.570809
-1.66942
-1.43392
-1.51317
-1.55426
-0.922379
-1.6433
-1.44889
-1.27844
0.0277324
-1.52862
-0.65783
-1.67738
-1.51564
-1.55337
-1.31581
-1.08624
-1.73156
-1.57278
-1.34706
-1.08096
-1.32788
-0.83763
-1.6333
-1.45075
-1.54745
-1.38449
-1.48106
-1.48592
-0.973212
-1.32809
-1.63241
-1.28794
-1.04785
0.0475938
-1.48861
-1.64652
-1.40638
-1.52691
-0.221167
-1.58642
-1.51802
-1.49688
-1.33834
-1.29454
-1.12067
-1.63742
-1.2926
-1.59867
-1.50024
-1.37056
-1.51848
-1.53682
-1.20258
-1.50091
-1.48959
-0.885874
0.066937
-1.27257
-1.55168
-1.50309
-1.28042
-1.30464
-1.60026
-1.5012
-1.24661
-1.5085
-1.45361
-0.742239
-1.6663
-1.31674
-1.2854
-1.32553
0.0811898
-1.69434
-1.36618
-1.22949
-1.34164
-0.186097
-0.597548
-1.55622
-0.596251
-1.5285
-1.11659
-1.62446
-1.27205
-0.509614
-1.66303
-1.01897
-1.7053
-0.176568
-0.587561
-1.64997
-1.27022
-0.174142
-1.39069
-0.50493
-1.1399
-1.23622
-1.66216
-1.12202
-1.55499
-0.500338
-1.51017
-1.42709
-0.719214
-1.58647
-0.806435
-0.962393
-1.1345
-1.12854
-1.62947
-1.39496
-1.46638
-0.154747
-1.67231
-1.41847
-0.99758
-1.59317
-1.45902
-0.149234
-1.64871
-0.698429
-1.73143
-1.38979
-0.145292
-1.60163
0.126787
-1.60211
-1.34186
-1.20627
-1.02247
-1.56485
-1.61585
-0.136686
-1.17556
-1.69034
-1.61473
-0.133766
-1.54257
-1.23297
-0.131043
-0.564564
-1.68459
-1.37945
-0.795475
-1.03206
-0.673343
-1.39411
-1.64217
-1.36183
-1.39367
0.150082
-0.95574
-1.08344
-0.929731
-1.68795
-0.958588
-1.54179
-0.854899
-1.64767
-1.25451
-0.519547
-1.45064
0.16237
-1.32698
-1.70009
-1.37855
-0.76643
-0.890006
-1.56846
-1.47381
-0.761012
0.171446
-1.41247
-0.860304
-1.66842
-1.39368
-0.332378
-1.70726
-1.13369
-1.64816
-0.850811
-1.29464
-1.48168
-1.38706
-1.34284
-0.92327
-1.69016
-1.4137
-1.11281
-1.41516
-1.37393
-1.09634
-1.62287
-1.475
-1.15387
-0.411925
-1.18925
-1.59254
-1.52907
-1.39242
-1.35869
-0.0536403
-1.0438
-1.7006
-0.941113
-1.49781
-1.37918
-1.46146
-1.18898
-0.743508
-0.902518
-1.63318
-0.833714
-1.50272
-1.19329
-1.30858
-1.36029
-1.35927
-0.0176903
-1.65774
-0.979348
-1.58783
-1.28768
-1.38045
-0.436462
-1.62988
-1.01617
-1.04866
-0.209749
-1.67995
-1.30647
-0.656615
-0.205584
-1.55611
-0.627067
-0.330306
-0.793482
-1.73294
-1.23536
-1.21566
-0.959542
-0.352967
-1.65159
-1.06352
-1.42922
-1.18707
0.0111982
-1.05462
-1.45485
-1.25587
-1.28928
-1.48449
-1.24832
-1.07178
0.276091
-1.25095
-1.14901
-1.61789
-1.0349
-1.46003
-1.46675
-1.22441
-0.465253
-1.31881
-1.46903
-1.1995
-0.752615
-1.44297
-0.884535
-1.61135
-1.2384
-1.3556
0.302634
-1.56146
-1.10538
-1.08871
-1.60048
-0.703793
-1.68462
-1.2522
0.0714714
-0.94299
-1.55034
-1.40485
-0.549109
0.132337
-1.15265
-1.54429
0.0825283
-1.25601
-1.40088
-1.43842
-0.856289
-1.06682
-1.35965
-0.563325
-1.25009
-1.35716
-0.744348
-1.49458
-0.835929
0.343049
-1.67438
0.343989
0.109462
-1.64787
-1.26026
-1.32505
-1.4307
-0.890487
0.352617
-0.133139
-1.65188
-0.647854
-1.49645
-0.295743
-1.13394
-0.530948
-1.16156
-0.289401
-1.66455
-0.286917
0.139169
-1.5627
-1.11751
-1.59975
-1.27147
-1.35596
-1.22822
-1.17323
-1.13167
-0.503068
-1.59632
-1.00068
-0.426991
-0.296464
-1.26964
-1.23038
-1.22357
-1.2789
0.177085
-1.5603
-1.16546
-1.33188
-1.00472
-0.818529
-1.36623
-1.35258
0.194233
-0.458977
-1.42113
-1.45175
-1.3623
-1.21735
-0.940274
-1.39381
-1.2796
-0.810041
-0.148136
-1.60729
-1.45363
-0.817973
-0.798909
-1.17262
0.436302
-1.51595
-1.25991
-0.529457
-0.0405739
-1.59489
-1.49046
-1.10925
-0.999046
-1.07204
-1.09581
-1.04857
-1.04111
-0.701853
-1.2042
-1.04778
-0.793897
-1.49828
-1.32856
-0.908191
-1.12658
-0.65886
-1.11084
-0.919923
-1.13239
-1.34034
-1.12743
-1.21591
-1.19659
-1.00028
-1.15172
-0.960249
-1.29737
-1.02863
-0.747453
0.259659
-1.52506
-1.05357
-1.24616
-0.674783
-0.741933
-1.41861
-0.990895
0.344817
-1.40835
-0.507483
-1.64292
0.517023
-1.02134
-1.51267
-0.164007
0.131665
-1.5747
-0.515597
-1.42018
-0.993464
-1.05654
0.0149085
-0.800629
-0.251369
-1.46988
-0.780256
-1.15471
-0.616161
0.201595
-0.807821
-1.48468
-1.19727
-0.951829
0.0528915
-1.57833
-0.23037
-1.27582
0.194203
-0.26755
-1.35296
-0.664918
0.0696346
-0.839962
-0.846061
-1.47051
-0.276127
-1.19333
-1.08643
-0.823157
-0.18736
-0.701344
-1.47977
-0.320284
-1.09886
-0.724518
-1.02212
-0.862402
0.0541021
-1.42586
-1.06438
-1.10675
-0.401985
-1.20902
-0.168462
-0.390869
0.592857
-1.37082
-1.04009
-0.794445
-0.744257
-1.00831
0.60173
-0.719911
-1.59692
-1.45091
-0.869357
-1.10676
-0.860065
-0.774591
-1.30604
-0.144537
-1.06305
-0.204801
-1.24657
-0.793655
-0.776214
0.623772
-1.29215
-0.477086
-1.59826
0.628185
-0.427674
-1.44805
0.0835431
-1.09058
-1.0907
-0.0909142
-0.965643
0.316643
-1.13015
-1.32457
-0.997121
0.154641
-0.0688636
-1.3278
0.140045
-1.47806
-0.305877
-0.0721042
-0.776791
-1.41283
0.0213572
-1.35631
0.161515
0.577866
-1.58621
0.23586
0.252363
-1.04832
-0.333824
1.01342
-0.408427
-1.06877
0.185493
0.353889
-1.26686
-0.294259
-0.61626
0.21759
-1.37424
-0.0410936
-0.997557
-1.45542
-0.373638
-1.38535
-0.395778
-0.354981
-0.405195
-0.952232
0.727576
-1.10751
0.0644372
0.732759
-1.17335
-0.437386
-0.360452
-0.429982
-0.878501
-0.556561
-1.10949
0.363922
-0.979416
-0.491324
0.0833744
-1.42854
-0.569743
0.876645
0.435005
-1.4159
-0.24226
-0.0480376
-1.33643
-0.480314
0.712225
-0.613633
-0.132411
0.71521
-1.3395
-1.36155
-0.898683
0.688473
-0.890132
0.730039
-1.14808
0.0213658
-0.877961
-0.516572
0.123711
0.434915
-1.47837
0.729972
0.479075
-1.39074
-1.26087
0.767731
-1.1458
0.758874
-0.292043
-1.59458
1.13408
-0.525532
-0.316491
0.771405
-1.25112
0.699209
-1.07868
-1.15791
-0.518678
0.846869
-0.683899
0.758106
-0.678136
-0.675596
-1.09594
0.836815
-0.759563
0.139481
0.80609
-1.48722
-0.038603
-0.923217
-0.224292
-1.08222
0.77321
0.144779
-1.52186
0.391785
-1.24581
-0.824932
0.867431
-0.657083
0.409555
0.0850409
-0.533733
-0.586653
1.0211
-0.544713
0.846857
0.66337
0.0564274
-1.19418
-0.890626
-0.485809
0.415482
0.855805
-1.43503
0.407111
0.599656
0.0408083
0.319413
-0.00796385
0.394762
-1.21455
0.533642
-0.551969
-0.231514
0.542666
-1.49298
0.139248
0.807296
-0.790878
0.280849
0.875705
-0.778034
-0.959981
0.50798
-0.921111
1.07484
-0.302545
0.80097
0.354433
-0.634089
-0.890475
0.979588
0.900013
0.8275
-1.07388
-0.118837
0.234632
-0.324168
0.713404
-0.323849
-0.143752
0.646829
0.91099
-1.13074
-1.25139
0.839217
-1.06792
-1.07314
0.922559
-1.29573
0.518249
0.813655
0.927824
-1.35695
0.800008
0.56428
-0.218696
-1.03576
0.357349
-1.14454
0.916078
0.246668
0.895347
1.08993
-0.100694
1.15421
-0.118439
0.0643874
0.311801
1.20746
0.0211337
1.1426
1.09195
-0.819652
1.00179
0.594798
0.790399
-1.05394
0.986571
0.901169
-1.33084
-1.06725
0.64112
0.905736
-0.384554
-0.160024
1.1109
0.911449
-1.06063
-0.290423
-0.965018
0.753776
-0.948578
0.918751
-0.653309
0.920244
-0.495289
0.451694
-0.38629
1.37888
1.02566
-1.37901
1.29654
0.94268
-0.340799
-0.710838
1.33726
1.16149
0.876263
-0.225081
1.34181
0.481406
1.00561
1.21543
0.193936
1.05204
0.505534
0.797636
1.29269
0.992578
1.09805
-0.637808
0.905553
1.32798
0.100401
1.41515
-0.0312597
1.25184
0.928841
1.13028
-1.31659
0.849583
1.35878
1.04188
-1.16996
1.33305
1.22281
-1.29483
1.39801
1.37663
1.02885
-0.741072
1.2699
1.20107
-0.494771
1.44194
1.02685
1.42531
1.127
1.28387
-1.04664
0.961293
-0.0510026
1.06489
-1.28794
1.0996
1.18513
1.32957
1.06187
1.24775
1.27423
1.46242
1.45708
0.900062
-0.605327
1.19944
1.27988
1.03578
0.124868
1.14765
0.310908
0.432535
1.62168
1.25622
1.38181
1.16568
-0.0933621
1.16676
0.30824
1.1677
1.5633
-1.23546
1.51199
1.5569
1.57318
1.19925
1.24193
-0.9938
1.65454
1.39985
1.44369
1.68385
1.34708
1.45971
1.39514
1.08571
0.335016
1.71867
1.56669
1.72637
1.53099
1.22462
-0.100488
1.45252
1.38567
-0.524368
1.71687
1.51348
1.59955
1.66452
1.48457
1.42919
1.27545
1.72251
1.68783
1.35565
0.791066
-0.278779
1.40078
1.72791
1.78742
1.52648
-0.54762
1.12568
1.77909
1.67314
1.62033
1.76712
1.56952
1.79206
1.42843
1.57605
0.883123
1.6448
1.11461
1.8379
1.72824
1.60364
1.45964
1.65739
1.35207
1.75719
1.66613
1.82075
1.82882
1.75387
1.75591
1.71297
1.82481
1.76593
1.74907
1.85116
1.87443
1.86087
1.87376
1.76249
1.59236
1.88615
1.76022
1.86533
1.51893
1.29157
1.81573
1.81216
1.70457
1.80206
1.78714
1.79308
1.85213
1.89601
1.84813
1.81134
1.89235
1.69019
1.91248
1.66716
1.78803
1.74615
1.67696
1.91722
1.88401
1.80112
1.81836
1.72381
1.90416
1.92284
1.85358
1.81605
1.8764
1.81259
1.84905
1.95311
1.93136
1.95897
1.86864
1.90585
1.93025
1.90417
1.92463
1.77124
1.88607
1.77742
1.74947
1.90639
1.95731
1.95853
1.96988
1.95807
1.93152
1.89677
1.83173
1.80177
1.95331
1.89878
1.9834
1.96988
1.88715
1.9743
1.96863
1.98849
1.94462
1.97697
2.01172
1.98873
1.94556
1.96491
1.84018
1.94647
1.97945
1.97442
2.01651
1.86374
1.92026
2.00395
1.95844
1.98826
1.96801
1.99024
1.94202
2.05005
1.96257
2.01054
1.91883
2.04942
1.77641
1.97115
1.93097
1.99859
2.00442
1.93649
1.99478
1.9683
2.0108
1.96461
2.02989
2.00475
1.99814
1.99668
2.12974
1.93661
1.98039
2.08027
1.95822
2.04037
2.00262
2.01325
2.00226
2.01339
2.0135
1.99289
2.01117
2.06327
1.95291
2.06578
1.95658
1.98341
2.01722
2.03136
2.06713
1.92851
1.98034
2.06234
1.9731
2.05346
2.10133
1.99713
2.01774
2.02677
1.97812
2.00029
1.9622
2.00224
1.99991
2.0194
2.02498
2.04112
1.99617
1.99726
2.05351
1.99973
2.02722
2.02486
2.0464
2.02931
2.1132
2.00322
2.04539
2.11743
1.978
2.02204
2.05838
2.07026
2.0076
1.99778
2.03978
2.08079
2.06574
2.05727
2.01811
2.06936
2.01396
2.03703
2.04228
2.01156
2.0378
2.07602
2.00054
2.0673
2.01609
2.10082
2.14599
2.01178
1.99195
2.05412
2.03709
2.05768
2.15263
2.02143
2.07123
2.00819
2.05491
2.06651
2.00833
2.05327
2.00826
2.05701
2.06279
2.03619
2.10226
2.01858
2.04689
2.09877
2.12868
2.10053
2.0355
2.05112
2.07888
2.056
2.01084
2.1822
2.06891
2.01609
2.08419
2.04626
2.08378
2.04242
2.05586
2.075
2.18366
2.00963
2.03582
2.0143
2.07631
2.0545
2.07641
2.09621
2.08753
2.03213
2.05933
2.07506
2.08036
2.0727
2.06653
2.07283
2.17303
2.19658
2.18954
2.07742
2.06068
2.11212
2.04687
2.05679
2.1808
2.01736
2.11371
2.07855
2.08011
2.05647
2.10886
2.05338
2.04423
2.0634
2.07973
2.06876
2.08458
2.11031
2.14951
2.02677
2.06657
2.07419
2.0719
2.06084
2.04187
2.07696
2.08928
2.09523
2.04263
2.05424
2.08551
2.09608
2.02577
2.05843
2.09724
2.09434
2.10864
2.23178
2.04075
2.07088
2.12066
2.08893
2.22856
2.09812
2.11629
2.05461
2.06566
2.22109
2.20977
2.02343
2.04407
2.10953
2.10553
2.09616
2.07001
2.07007
2.09358
2.23616
2.15497
2.01909
2.0625
2.06829
2.05244
2.08356
2.08073
2.06961
2.08953
2.10481
2.1141
2.05683
2.09597
2.04424
2.07284
2.0864
2.1804
2.04741
2.08789
2.07423
2.24447
2.05516
2.07606
2.07208
2.09221
2.11097
2.03483
2.10599
2.07581
2.04848
2.08669
2.12426
2.25266
2.1341
2.05176
2.10846
2.25407
2.03579
2.0925
2.1171
2.0401
2.08953
2.15801
2.18204
2.03876
2.26005
2.15926
2.04598
2.0801
2.12035
2.08034
2.07511
2.1134
2.13071
2.08999
2.26147
2.05709
2.05134
2.04438
2.26271
2.0874
2.26305
2.17076
2.04702
2.15714
2.09917
2.08155
2.12205
2.07022
2.08942
2.07663
2.11657
2.0588
2.27495
2.17205
2.0462
2.05681
2.11611
2.05353
2.14822
2.05137
2.27865
2.12159
2.08197
2.09551
2.11354
2.25325
2.03836
2.13433
2.145
2.18871
2.10279
2.04729
2.082
2.09459
2.09246
2.1468
2.10787
2.06177
2.28703
2.07132
2.05283
2.25786
2.0666
2.05424
2.09264
2.11162
2.04565
2.17801
2.06196
2.08873
2.13642
2.27841
2.32192
2.04997
2.14868
2.13697
2.05476
2.27958
2.09393
2.07698
2.0743
2.08102
2.18747
2.10964
2.05829
2.26047
2.07349
2.05553
2.10051
2.07211
2.0839
2.08673
2.13578
2.28359
2.21665
2.07565
2.16618
2.28418
2.17692
2.05961
2.10944
2.08472
2.16017
2.05023
2.30478
2.10135
2.30518
2.07276
2.11961
2.16291
2.08348
2.28689
2.0899
2.10397
2.09378
2.15734
2.06204
2.17821
2.07721
2.12608
2.08485
2.07623
2.14112
2.28925
2.08949
2.05542
2.09747
2.15187
2.06193
2.08352
2.06539
2.09664
2.13498
2.07187
2.1376
2.04975
2.1626
2.26991
2.31569
2.1166
2.09944
2.08764
2.18013
2.11524
2.05835
2.14621
2.09706
2.13455
2.10563
2.12894
2.19967
2.21393
2.18273
2.16115
2.09455
2.0576
2.29528
2.15303
2.05316
2.07018
2.1918
2.08027
2.21465
2.05852
2.11704
2.08685
2.07778
2.11661
2.11893
2.07642
2.09974
2.29783
2.13327
2.0868
2.30833
2.13719
2.1262
2.07102
2.08853
2.07674
2.1064
2.14299
2.23784
2.29936
2.12398
2.12217
2.0783
2.13921
2.06047
2.30003
2.12173
2.12266
2.10706
2.27265
2.04913
2.07772
2.107
2.27533
2.07497
2.16986
2.0682
2.10082
2.11628
2.30157
2.15815
2.05849
2.1634
2.23566
2.05908
2.30195
2.16925
2.06057
2.07667
2.15797
2.06757
2.1838
2.06148
2.09474
2.33532
2.10623
2.14358
2.09892
2.15251
2.08092
2.09244
2.0899
2.10571
2.10475
2.1039
2.07629
2.21278
2.08195
2.09372
2.08925
2.10756
2.07788
2.09029
2.09285
2.20425
2.12121
2.09186
2.15991
2.06497
2.09164
2.09575
2.10577
2.30701
2.05121
2.10104
2.11553
2.30727
2.21094
2.10832
2.07393
2.09917
2.14795
2.07317
2.08305
2.30803
2.1002
2.11351
2.11512
2.30825
2.08169
2.28004
2.1431
2.05937
2.18894
2.06963
2.09669
2.07469
2.09922
2.09471
2.16156
2.06874
2.13583
2.06883
2.1159
2.09465
2.16193
2.104
2.17532
2.17121
2.07374
2.06043
2.31041
2.08118
2.13148
2.34912
2.11465
2.09988
2.10276
2.16074
2.06234
2.16519
2.14085
2.35027
2.06577
2.20883
2.07027
2.09247
2.09416
2.10645
2.09034
2.10382
2.09144
2.09602
2.12047
2.32366
2.09568
2.0903
2.09758
2.09876
2.10607
2.1606
2.10595
2.07128
2.09732
2.27203
2.0755
2.20942
2.06177
2.22056
2.117
2.10979
2.06303
2.18735
2.15011
2.10594
2.10902
2.10628
2.10591
2.16069
2.31465
2.05525
2.12474
2.09143
2.18746
2.13165
2.08199
2.13391
2.11626
2.10149
2.08977
2.09187
2.16546
2.31565
2.20767
2.06476
2.11044
2.13139
2.18264
2.14004
2.07171
2.11769
2.14308
2.1348
2.26139
2.11727
2.17548
2.31639
2.11302
2.15275
2.0926
2.31642
2.33544
2.2029
2.19433
2.05346
2.21268
2.15606
2.0701
2.12287
2.1638
2.06379
2.36076
2.15262
2.09464
2.20826
2.17839
2.07163
2.1971
2.1476
2.22739
2.208
2.05244
2.10403
2.2276
2.06846
2.14378
2.31158
2.22775
2.059
2.09676
2.17384
2.36242
2.13775
2.07078
2.16846
2.07519
2.10273
2.09634
2.09116
2.08317
2.12439
2.14985
2.09372
2.36379
2.19561
2.11364
2.14658
2.08877
2.10681
2.09692
2.28554
2.07087
2.12023
2.08392
2.10271
2.11085
2.0864
2.12295
2.08213
2.1288
2.13507
2.10357
2.10407
2.07568
2.10546
2.1263
2.14072
2.13191
2.16946
2.07576
2.10885
2.2284
2.19059
2.06107
2.21064
2.13603
2.1817
2.27011
2.16952
2.14841
2.09173
2.07955
2.31985
2.18917
2.09485
2.1116
2.06363
2.13526
2.06482
2.12607
2.09298
2.13297
2.32025
2.11829
2.08838
2.09754
2.13509
2.369
2.06922
2.17823
2.06029
2.17391
2.07148
2.14171
2.32058
2.12457
2.09065
2.05974
2.15072
2.09697
2.17069
2.1072
2.12462
2.23481
2.08717
2.09127
2.37046
2.17061
2.18062
2.09567
2.29237
2.13861
2.37053
2.0987
2.07562
2.21183
2.05654
2.09131
2.15981
2.07102
2.37105
2.30168
2.06501
2.1686
2.37097
2.14414
2.13655
2.05769
2.19954
2.07305
2.17292
2.06534
2.23357
2.09769
2.14383
2.08129
2.15192
2.32131
2.07501
2.1039
2.23387
2.16727
2.16554
2.13504
2.11685
2.13603
2.10106
2.3214
2.08157
2.06537
2.19597
2.11647
2.0655
2.23434
2.12218
2.14075
2.0629
2.17017
2.11599
2.11964
2.11863
2.37329
2.22762
2.1086
2.11781
2.18491
2.15504
2.21758
2.06121
2.14067
2.13703
2.3301
2.06728
2.10468
2.13104
2.16729
2.06566
2.21653
2.09353
2.15513
2.09093
2.187
2.10131
2.12576
2.11013
2.12052
2.07729
2.07803
2.1211
2.08836
2.09295
2.37507
2.13443
2.08621
2.13086
2.12037
2.17693
2.09091
2.1572
2.3754
2.07046
2.15294
2.12848
2.13804
2.06772
2.09828
2.12496
2.33388
2.08458
2.08321
2.12969
2.29213
2.10068
2.12909
2.07242
2.37611
2.22893
2.06208
2.10937
2.06882
2.37619
2.19997
2.06174
2.07233
2.10548
2.07666
2.11862
2.11283
2.16803
2.10048
2.14212
2.06268
2.32321
2.1821
2.27024
2.2139
2.09803
2.12971
2.07025
2.18069
2.16364
2.25955
2.16098
2.06783
2.15055
2.22944
2.21876
2.06394
2.12547
2.109
2.12242
2.11381
2.18314
2.32306
2.12539
2.32288
2.16019
2.12931
2.06039
2.32275
2.31781
2.32246
2.19935
2.23725
2.08082
2.10732
2.08106
2.13795
2.14691
2.05353
2.12896
2.32244
2.18209
2.32223
2.18828
2.1368
2.36765
2.06921
2.08508
2.10854
2.33355
2.14694
2.37744
2.21425
2.05642
2.37735
2.2479
2.06099
2.27066
2.08095
2.183
2.12092
2.07713
2.10339
2.16343
2.18896
2.20206
2.06872
2.12594
2.14076
2.11605
2.08054
2.37781
2.22559
2.12236
2.1912
2.10255
2.16667
2.06921
2.15672
2.07691
2.10135
2.37804
2.19433
2.07674
2.37793
2.14991
2.06728
2.23777
2.09219
2.09721
2.10169
2.09672
2.09322
2.07874
2.13463
2.1583
2.05754
2.11141
2.14593
2.06316
2.10338
2.10086
2.19735
2.0951
2.08151
2.23834
2.30739
2.3787
2.1336
2.12377
2.06178
2.12573
2.09046
2.09511
2.09208
2.10931
2.21411
2.12228
2.07777
2.10951
2.14519
2.0633
2.19618
2.0568
2.12592
2.09522
2.19867
2.17749
2.07093
2.14507
2.13397
2.12052
2.37966
2.30694
2.18709
2.0745
2.07749
2.10332
2.11848
2.11224
2.10314
2.1678
2.0634
2.32209
2.31292
2.32181
2.13814
2.07566
2.10726
2.09512
2.18096
2.08134
2.09913
2.16768
2.05665
2.32176
2.20054
2.08527
2.06347
2.21412
2.08777
2.09205
2.23909
2.06601
2.09657
2.15253
2.20014
2.1161
2.3335
2.14401
2.09397
2.12519
2.17837
2.06395
2.38022
2.32149
2.11633
2.08168
2.188
2.11154
2.1311
2.158
2.14715
2.1168
2.19047
2.38018
2.06308
2.1075
2.25198
2.0662
2.38012
2.12086
2.15097
2.11963
2.07894
2.10515
2.08845
2.10309
2.19155
2.098
2.13826
2.08284
2.12532
2.2141
2.06169
2.19525
2.21965
2.23936
2.12448
2.19766
2.17807
2.15066
2.06455
2.38046
2.20722
2.26918
2.32087
2.06661
2.32071
2.13977
2.25573
2.08081
2.16805
2.08006
2.19643
2.06994
2.11127
2.09874
2.1113
2.06162
2.38034
2.18933
2.07601
2.32038
2.22489
2.07152
2.38008
2.15795
2.37991
2.07118
2.11044
2.08291
2.12213
2.08734
2.18333
2.0858
2.18443
2.07355
2.10685
2.18064
2.25766
2.11813
2.12922
2.1289
2.12706
2.09859
2.09826
2.17544
2.38024
2.1162
2.063
2.11976
2.14414
2.0677
2.23939
2.12435
2.16811
2.06651
2.3803
2.12122
2.10216
2.09601
2.08588
2.08241
2.1067
2.15128
2.38039
2.20862
2.14479
2.11746
2.13937
2.12522
2.08676
2.09946
2.16539
2.12132
2.12083
2.07458
2.38048
2.30157
2.09261
2.12352
2.07087
2.11161
2.38035
2.14796
2.11911
2.09909
2.38025
2.25193
2.25131
2.06817
2.06919
2.21338
2.24153
2.07419
2.06382
2.21335
2.06921
2.31921
2.19159
2.06838
2.08308
2.10804
2.09645
2.18039
2.10054
2.15866
2.10944
2.10127
2.12785
2.08313
2.09272
2.10683
2.38038
2.30201
2.07665
2.21854
2.14535
2.07995
2.14473
2.16833
2.08164
2.09428
2.10744
2.18103
2.07454
2.09633
2.09146
2.38042
2.06202
2.09808
2.21323
2.13796
2.06889
2.38036
2.31873
2.09402
2.06435
2.14935
2.13888
2.06981
2.12089
2.16652
2.38024
2.09268
2.17694
2.0617
2.11971
2.25032
2.06736
2.08435
2.10647
2.15084
2.2592
2.15621
2.09042
2.08889
2.17686
2.31838
2.21265
2.12415
2.06573
2.15716
2.06669
2.31818
2.12798
2.08885
2.2395
2.13103
2.20318
2.31794
2.14191
2.1768
2.23936
2.06184
2.21674
2.16455
2.07156
2.10953
2.08645
2.16611
2.12768
2.11939
2.1928
2.08474
2.08415
2.09282
2.10869
2.09008
2.38016
2.29954
2.1144
2.07025
2.14889
2.13071
2.07903
2.09186
2.38005
2.18299
2.06997
2.09206
2.08636
2.08643
2.12236
2.09805
2.1252
2.10448
2.25574
2.09477
2.05825
2.20314
2.19475
2.09191
2.11365
2.13184
2.3173
2.12166
2.31712
2.24909
2.06276
2.12838
2.10942
2.3799
2.24842
2.06695
2.09502
2.10791
2.08411
2.08366
2.12798
2.14488
2.07655
2.13133
2.16019
2.14426
2.08957
2.16834
2.06933
2.10188
2.10049
2.31677
2.18387
2.10255
2.37992
2.10744
2.23051
2.06112
2.12703
2.08218
2.17622
2.08631
2.21636
2.09166
2.37982
2.13268
2.15697
2.18013
2.1549
2.31627
2.13132
2.16526
2.10769
2.11526
2.18558
2.07994
2.37957
2.17804
2.08338
2.12798
2.09781
2.10767
2.09791
2.31592
2.14224
2.06692
2.19268
2.16788
2.17357
2.06835
2.3794
2.31559
2.08938
2.06927
2.2391
2.08185
2.11141
2.31542
2.2136
2.15304
2.05989
2.09572
2.10669
2.18315
2.0881
2.14727
2.06833
2.37914
2.21156
2.06045
2.11095
2.08226
2.07538
2.10777
2.15419
2.10347
2.20317
2.07752
2.09963
2.09955
2.31507
2.12178
2.09989
2.16843
2.06668
2.11873
2.24805
2.07936
2.16709
2.06179
2.09583
2.17902
2.26816
2.0964
2.37904
2.21986
2.20001
2.06829
2.37882
2.15446
2.26653
2.05751
2.09554
2.10147
2.37865
2.10581
2.12216
2.10548
2.37853
2.24497
2.11379
2.12744
2.10526
2.09637
2.15024
2.08309
2.19851
2.05815
2.12276
2.16867
2.05602
2.14785
2.14212
2.13924
2.10349
2.2153
2.06709
2.1749
2.22707
2.09186
2.11966
2.07669
2.08725
2.11554
2.13262
2.15462
2.31396
2.08513
2.14339
2.0702
2.1041
2.12897
2.16449
2.07888
2.10635
2.08677
2.11954
2.16864
2.07097
2.11484
2.22871
2.22885
2.22068
2.24842
2.09682
2.07919
2.15484
2.05912
2.09235
2.10706
2.16434
2.0702
2.19146
2.15744
2.07178
2.12514
2.16514
2.06459
2.10279
2.16643
2.1358
2.25465
2.25267
2.07272
2.10104
2.07488
2.10061
2.09549
2.21068
2.06711
2.16417
2.0846
2.21063
2.06084
2.10078
2.16067
2.27196
2.13497
2.07784
2.15902
2.0712
2.11181
2.16404
2.17376
2.08638
2.37848
2.23165
2.17823
2.07829
2.18081
2.06175
2.21467
2.27387
2.20536
2.3126
2.07753
2.23352
2.11426
2.07707
2.09706
2.17407
2.07417
2.16374
2.06992
2.09025
2.19813
2.19597
2.11444
2.27095
2.13251
2.07282
2.23839
2.09758
2.10903
2.08684
2.3217
2.09328
2.11897
2.08289
2.23834
2.07109
2.11176
2.10362
2.21424
2.05684
2.10449
2.14856
2.07618
2.312
2.08477
2.31184
2.16728
2.07745
2.19355
2.22765
2.09404
2.07734
2.32474
2.11826
2.18065
2.31144
2.06308
2.11642
2.3113
2.15896
2.10747
2.19244
2.06193
2.09477
2.10813
2.3243
2.09488
2.13504
2.1015
2.19776
2.0664
2.09877
2.11057
2.37722
2.05688
2.10658
2.31093
2.06293
2.07709
2.3108
2.30203
2.07258
2.06618
2.15338
2.0691
2.11625
2.10151
2.09302
2.08599
2.09181
2.23792
2.0896
2.10934
2.31055
2.16943
2.17334
2.07761
2.09121
2.11966
2.09904
2.19763
2.09158
2.10932
2.31032
2.11443
2.08885
2.14143
2.0842
2.11443
2.16277
2.08538
2.167
2.08329
2.11327
2.08424
2.16272
2.23779
2.31003
2.08557
2.16262
2.05449
2.10939
2.09687
2.10937
2.19749
2.11195
2.23768
2.05994
2.10397
2.11626
2.10998
2.10741
2.10659
2.0699
2.37667
2.30969
2.11745
2.07357
2.21477
2.08567
2.27741
2.17018
2.05434
2.09872
2.11394
2.26144
2.11121
2.14522
2.08612
2.10184
2.16236
2.06868
2.08851
2.10118
2.30935
2.13464
2.22748
2.07269
2.11657
2.08678
2.20853
2.08299
2.37616
2.05626
2.23738
2.08983
2.17235
2.11663
2.07827
2.09715
2.16504
2.1386
2.10347
2.15043
2.13054
2.11345
2.0847
2.0875
2.10875
2.06155
2.37605
2.27488
2.07261
2.21641
2.0752
2.09741
2.0867
2.16201
2.06896
2.0895
2.19709
2.30851
2.1468
2.13716
2.37567
2.10638
2.06741
2.10125
2.37554
2.12077
2.1324
2.30808
2.07829
2.30793
2.17366
2.14225
2.07501
2.13279
2.08661
2.09723
2.19685
2.05829
2.21398
2.15459
2.13127
2.24288
2.07771
2.11602
2.11249
2.09862
2.18843
2.06611
2.37507
2.11683
2.14163
2.14135
2.09289
2.13837
2.10234
2.30736
2.11327
2.28754
2.08012
2.14113
2.37472
2.06866
2.37457
2.29045
2.06333
2.19769
2.14203
2.10409
2.11508
2.30663
2.12055
2.0857
2.21188
2.05646
2.09651
2.12136
2.1083
2.30645
2.13788
2.15001
2.08363
2.09731
2.21347
2.07928
2.08421
2.09032
2.3741
2.11618
2.18492
2.06225
2.23631
2.14859
2.08374
2.07949
2.37388
2.19864
2.07705
2.09739
2.12322
2.1568
2.30587
2.17329
2.24152
2.08621
2.06856
2.37351
2.12197
2.16371
2.07707
2.12734
2.11844
2.1765
2.07269
2.37334
2.09434
2.08001
2.11465
2.19235
2.10269
2.13968
2.0987
2.17838
2.19677
2.14803
2.11553
2.10587
2.2248
2.12044
2.17062
2.06588
2.37306
2.13079
2.17324
2.16536
2.12672
2.30491
2.14669
2.16955
2.0541
2.11941
2.12706
2.13939
2.07055
2.12348
2.08035
2.08395
2.10557
2.17416
2.06126
2.37277
2.3046
2.17274
2.06633
2.1822
2.07287
2.10777
2.09583
2.09394
2.10626
2.14951
2.11411
2.06862
2.08868
2.15529
2.14854
2.06468
2.18092
2.30436
2.14135
2.06644
2.13304
2.07851
2.13087
2.07888
2.11101
2.1585
2.08239
2.15758
2.11425
2.30414
2.07109
2.14118
2.07275
2.10383
2.13359
2.37232
2.16812
2.10704
2.07942
2.09192
2.10527
2.21205
2.08094
2.08293
2.30382
2.22825
2.06416
2.18325
2.08562
2.09113
2.14543
2.07746
2.14197
2.37198
2.28334
2.08107
2.13399
2.07951
2.10962
2.07819
2.08434
2.09808
2.14385
2.21306
2.06155
2.10535
2.10238
2.37176
2.16795
2.16101
2.13562
2.08792
2.30306
2.05835
2.16062
2.06006
2.1632
2.10579
2.11146
2.1447
2.11899
2.07387
2.09967
2.08137
2.18625
2.30285
2.19995
2.19926
2.06132
2.1009
2.09745
2.11985
2.12792
2.13237
2.06108
2.3713
2.14793
2.07687
2.23479
2.21239
2.05757
2.2391
2.07552
2.08965
2.23471
2.11236
2.12935
2.22341
2.05879
2.10382
2.12981
2.13369
2.0964
2.3709
2.07842
2.0723
2.30203
2.11679
2.10808
2.11345
2.14155
2.07369
2.09064
2.37068
2.10533
2.19842
2.10983
2.07931
2.12161
2.15862
2.30168
2.09662
2.11889
2.11846
2.10629
2.13499
2.09987
2.16878
2.06521
2.23434
2.30145
2.23424
2.12037
2.23418
2.05399
2.23414
2.11446
2.13938
2.30115
2.06743
2.14939
2.12043
2.07726
2.0978
2.1837
2.06618
2.08597
2.09568
2.11226
2.15327
2.17218
2.21131
2.08408
2.08101
2.1353
2.08771
2.16838
2.30083
2.06157
2.20395
2.15514
2.06916
2.3006
2.23325
2.07968
2.08255
2.16852
2.08774
2.12571
2.08192
2.12307
2.11874
2.14663
2.36951
2.26348
2.33915
2.08715
2.14183
2.08612
2.11512
2.07513
2.20845
2.13381
2.09796
2.29997
2.12501
2.0629
2.23352
2.12072
2.09438
2.25858
2.12367
2.05754
2.1273
2.17252
2.25754
2.08469
2.09295
2.06527
2.36882
2.28324
2.06803
2.06417
2.23331
2.10604
2.11573
2.25815
2.07163
2.0987
2.36847
2.11697
2.06846
2.18328
2.07447
2.17313
2.14805
2.06812
2.15769
2.31356
2.08141
2.10273
2.17502
2.36814
2.11679
2.08634
2.15757
2.27016
2.06493
2.10099
2.09098
2.1223
2.17403
2.08834
2.085
2.1128
2.21146
2.06082
2.09715
2.1047
2.14776
2.36786
2.06862
2.07596
2.10128
2.14286
2.06072
2.20754
2.08077
2.12061
2.08111
2.16717
2.06529
2.10324
2.087
2.27852
2.07305
2.08504
2.1719
2.14088
2.0884
2.19326
2.07191
2.14741
2.07907
2.36757
2.07962
2.06961
2.12008
2.09184
2.29814
2.07672
2.07248
2.11059
2.1272
2.36736
2.20927
2.08906
2.29782
2.10437
2.09124
2.07404
2.20229
2.0761
2.16374
2.06351
2.09061
2.09039
2.08915
2.08683
2.10303
2.14908
2.08967
2.15693
2.36704
2.07993
2.3669
2.29733
2.06377
2.0797
2.10846
2.36667
2.16695
2.09187
2.1184
2.25865
2.09033
2.31148
2.07792
2.36632
2.06615
2.10154
2.10374
2.12059
2.29678
2.12273
2.22988
2.2062
2.16842
2.08237
2.19109
2.09777
2.29642
2.1161
2.1813
2.15939
2.11592
2.06242
2.36577
2.20464
2.092
2.06943
2.1051
2.12485
2.29603
2.36549
2.19051
2.09336
2.13127
2.08292
2.29572
2.08073
2.14718
2.11001
2.09529
2.09828
2.18367
2.11645
2.08509
2.10827
2.16447
2.19559
2.0588
2.09597
2.09407
2.08547
2.08301
2.14412
2.30644
2.07151
2.36503
2.12825
2.09158
2.11149
2.08339
2.15605
2.06775
2.18118
2.05626
2.11095
2.18219
2.06165
2.09327
2.10176
2.08921
2.085
2.19216
2.2951
2.07559
2.10379
2.15283
2.16635
2.08219
2.12843
2.17232
2.1161
2.36465
2.07039
2.07426
2.08034
2.10599
2.29477
2.15001
2.18084
2.07476
2.08856
2.13575
2.29457
2.14611
2.11195
2.30923
2.06944
2.0935
2.23338
2.06573
2.16522
2.06157
2.09191
2.12252
2.23465
2.15652
2.07975
2.29414
2.08691
2.07657
2.16174
2.06033
2.36394
2.11588
2.10363
2.11156
2.093
2.11154
2.07624
2.08473
2.11009
2.29387
2.07033
2.07033
2.11727
2.12023
2.06031
2.36373
2.18404
2.36355
2.11355
2.07341
2.1184
2.13585
2.11772
2.36339
2.27846
2.06707
2.10937
2.07824
2.10201
2.06603
2.36319
2.1412
2.06525
2.36304
2.29304
2.07047
2.06601
2.36282
2.12315
2.10231
2.10354
2.36267
2.16918
2.10341
2.09061
2.14162
2.1517
2.09989
2.23735
2.11128
2.09444
2.3624
2.14584
2.09756
2.09685
2.09516
2.13646
2.10021
2.15704
2.06352
2.25463
2.10128
2.07929
2.29228
2.20363
2.13095
2.20556
2.13443
2.10829
2.08861
2.18907
2.14138
2.18079
2.05908
2.1017
2.29189
2.13718
2.05661
2.12668
2.11524
2.07768
2.22979
2.11053
2.07523
2.09935
2.36172
2.13016
2.07141
2.08444
2.09097
2.16903
2.06739
2.09802
2.25429
2.15254
2.1607
2.22634
2.06126
2.12377
2.08024
2.29133
2.14758
2.29118
2.1627
2.09358
2.15647
2.07933
2.10364
2.22944
2.08631
2.07113
2.29094
2.09279
2.11715
2.09839
2.08843
2.09543
2.29079
2.07658
2.07323
2.11872
2.18011
2.18651
2.29059
2.25151
2.08227
2.11381
2.12145
2.36069
2.19379
2.0666
2.06882
2.17992
2.14912
2.1213
2.36047
2.21963
2.09765
2.22899
2.08574
2.0879
2.10244
2.12681
2.06424
2.20345
2.05741
2.14449
2.25211
2.06805
2.14877
2.2732
2.07836
2.08555
2.28975
2.17892
2.08065
2.09112
2.09236
2.06719
2.09285
2.09218
2.2896
2.09662
2.06665
2.35983
2.09975
2.26605
2.0608
2.08368
2.12064
2.09047
2.11332
2.12659
2.08082
2.10948
2.14857
2.08957
2.06088
2.12175
2.11053
2.14674
2.14534
2.15087
2.05684
2.15751
2.07009
2.10101
2.08915
2.20469
2.07155
2.10333
2.09431
2.14709
2.06411
2.10184
2.13896
2.07758
2.09862
2.12295
2.07766
2.10874
2.11929
2.30054
2.15357
2.06708
2.09733
2.35937
2.14047
2.05812
2.19749
2.21374
2.06703
2.28875
2.21378
2.06898
2.10797
2.2293
2.05929
2.10081
2.14409
2.08507
2.14034
2.12917
2.23419
2.13205
2.05979
2.35885
2.18569
2.14378
2.1172
2.25191
2.07177
2.13926
2.28814
2.35849
2.20419
2.13093
2.05813
2.15151
2.06396
2.09067
2.12049
2.29942
2.07062
2.17382
2.082
2.35817
2.06575
2.12213
2.28767
2.20371
2.12228
2.06355
2.19677
2.09825
2.09598
2.07737
2.0847
2.10631
2.17831
2.10808
2.11699
2.07794
2.09382
2.14022
2.23334
2.07566
2.10727
2.25779
2.09027
2.13093
2.05967
2.17078
2.28719
2.06464
2.08925
2.10233
2.09154
2.28707
2.0744
2.22381
2.10425
2.20173
2.06788
2.08151
2.10226
2.18891
2.21507
2.30214
2.08965
2.09847
2.09077
2.35721
2.12307
2.05467
2.11492
2.22351
2.16586
2.06392
2.28651
2.25799
2.10355
2.06142
2.17045
2.14402
2.11076
2.07879
2.1704
2.12048
2.35676
2.10773
2.22699
2.09824
2.10363
2.15198
2.35654
2.05931
2.35641
2.2226
2.20113
2.0651
2.29727
2.21404
2.05376
2.35605
2.10174
2.05888
2.14944
2.05952
2.11302
2.08389
2.22663
2.08094
2.35586
2.17669
2.06284
2.15163
2.19167
2.07044
2.08492
2.15123
2.2391
2.08635
2.07923
2.10383
2.15437
2.12812
2.09105
2.08038
2.19155
2.07759
2.08255
2.28522
2.21792
2.28507
2.17096
2.14127
2.06576
2.28491
2.25689
2.06452
2.10627
2.09039
2.11204
2.28473
2.06788
2.09105
2.11116
2.30004
2.10711
2.10205
2.10082
2.18016
2.2845
2.06931
2.16349
2.06331
2.15535
2.07076
2.35475
2.12471
2.06897
2.07768
2.10808
2.28426
2.24585
2.06058
2.11725
2.2841
2.12475
2.07202
2.08105
2.1395
2.14344
2.10455
2.25069
2.08604
2.26242
2.08746
2.08707
2.07801
2.10638
2.08349
2.09777
2.0922
2.13535
2.10564
2.10267
2.07948
2.35418
2.14644
2.06045
2.28368
2.35396
2.11367
2.07919
2.24613
2.17872
2.24601
2.08631
2.06574
2.1299
2.22547
2.08004
2.13747
2.12406
2.06617
2.13742
2.05926
2.10244
2.14889
2.09546
2.08728
2.35356
2.15066
2.1359
2.283
2.13322
2.05967
2.09066
2.09592
2.20131
2.1136
2.12005
2.10719
2.35324
2.1457
2.05325
2.35311
2.28263
2.1032
2.1493
2.08442
2.35287
2.22578
2.1514
2.09558
2.17981
2.28229
2.10445
2.08211
2.0848
2.09306
2.11298
2.19481
2.13314
2.21234
2.09773
2.28203
2.06964
2.13374
2.0663
2.09034
2.09348
2.28189
2.13297
2.21214
2.12094
2.22472
2.17895
2.35211
2.16488
2.0995
2.1162
2.22459
2.0636
2.09664
2.11383
2.10652
2.08158
2.1793
2.07482
2.09721
2.09169
2.0865
2.09907
2.16262
2.08158
2.09086
2.13803
2.13948
2.06214
2.22445
2.09509
2.11459
2.10061
2.09652
2.07371
2.09713
2.11714
2.35173
2.16315
2.12439
2.13721
2.12897
2.11788
2.26143
2.24384
2.08044
2.11746
2.10475
2.15179
2.08917
2.28089
2.15583
2.17069
2.06043
2.1162
2.11038
2.18308
2.08419
2.14182
2.28067
2.14076
2.13118
2.23415
2.19282
2.15313
2.12722
2.35094
2.06228
2.14638
2.24063
2.09551
2.07421
2.08035
2.10913
2.12072
2.05722
2.19812
2.06825
2.13954
2.14937
2.12424
2.0875
2.09907
2.13146
2.09383
2.16634
2.07252
2.09857
2.11663
2.09608
2.10267
2.24869
2.12877
2.22762
2.19246
2.06988
2.12861
2.11261
2.09884
2.16619
2.26622
2.06976
2.18583
2.06919
2.08893
2.16362
2.12222
2.1277
2.06596
2.2797
2.22446
2.19468
2.09701
2.06149
2.19218
2.09222
2.24233
2.10339
2.07448
2.11333
2.29486
2.09476
2.11632
2.06419
2.10418
2.08886
2.12987
2.21061
2.08134
2.1142
2.07075
2.09722
2.19915
2.06117
2.11938
2.05878
2.09826
2.15366
2.07823
2.07704
2.12557
2.27909
2.0601
2.09707
2.08407
2.16716
2.05875
2.34963
2.27889
2.11573
2.06073
2.19893
2.11673
2.22298
2.06226
2.09692
2.07885
2.1682
2.06828
2.08164
2.1372
2.34929
2.19593
2.10515
2.08828
2.07995
2.11218
2.21892
2.14419
2.0691
2.08394
2.1051
2.12185
2.11589
2.07519
2.07834
2.09397
2.34904
2.11682
2.06366
2.08389
2.34891
2.07582
2.22266
2.06739
2.09641
2.09892
2.28999
2.09724
2.11481
2.25483
2.06461
2.09404
2.24932
2.13682
2.23374
2.05847
2.11776
2.08035
2.09962
2.08201
2.22246
2.0669
2.07855
2.08297
2.14556
2.13676
2.34836
2.07163
2.11811
2.0586
2.34824
2.17046
2.09104
2.06741
2.09779
2.07525
2.34809
2.08762
2.09491
2.2213
2.06488
2.09108
2.15639
2.09903
2.27112
2.11595
2.10359
2.13038
2.34779
2.07732
2.0989
2.08283
2.1846
2.23772
2.06108
2.15184
2.06462
2.09074
2.27718
2.19346
2.06621
2.19615
2.05805
2.15951
2.27701
2.17665
2.0984
2.15708
2.09356
2.29215
2.05938
2.34717
2.2422
2.07485
2.06202
2.27665
2.21182
2.06857
2.13131
2.09882
2.08948
2.08269
2.11862
2.13056
2.22769
2.06113
2.08618
2.27643
2.06129
2.08031
2.08873
2.10069
2.2087
2.096
2.13491
2.19572
2.08995
2.09783
2.15556
2.1038
2.17061
2.07436
2.07856
2.10231
2.27612
2.15425
2.05957
2.08895
2.16182
2.16677
2.16425
2.08314
2.17046
2.10475
2.06192
2.1656
2.27585
2.06392
2.08659
2.34625
2.16603
2.06565
2.27564
2.09807
2.07254
2.09483
2.07634
2.34603
2.07073
2.08102
2.10163
2.07833
2.14707
2.06541
2.0963
2.0942
2.2754
2.18719
2.16496
2.09341
2.05893
2.27524
2.14255
2.0946
2.1858
2.06797
2.34563
2.06696
2.08488
2.14788
2.13181
2.23811
2.07243
2.11325
2.08207
2.2866
2.1058
2.2902
2.07631
2.13402
2.07936
2.19487
2.11085
2.06553
2.21921
2.06169
2.08443
2.07776
2.09092
2.11095
2.11118
2.26235
2.16263
2.24661
2.08922
2.06672
2.09026
2.08713
2.15503
2.11304
2.06263
2.08858
2.08871
2.17533
2.07434
2.34492
2.16866
2.0677
2.14481
2.16038
2.06816
2.08765
2.12991
2.22602
2.0579
2.09732
2.27423
2.10273
2.12801
2.06937
2.15484
2.06911
2.13107
2.09907
2.13172
2.11769
2.08584
2.15051
2.06441
2.10632
2.16083
2.34447
2.10672
2.11823
2.17327
2.16751
2.06895
2.15667
2.05813
2.10624
2.13885
2.13119
2.13103
2.0715
2.27374
2.12084
2.07153
2.34414
2.19732
2.0702
2.10488
2.20502
2.11969
2.18284
2.0578
2.09485
2.12404
2.08206
2.09218
2.10713
2.08139
2.09283
2.16051
2.28496
2.1072
2.08426
2.0892
2.11787
2.27328
2.13212
2.08408
2.0756
2.07433
2.13026
2.16619
2.08076
2.05804
2.17439
2.2731
2.15716
2.05803
2.11194
2.09241
2.18065
2.11792
2.06762
2.1883
2.06618
2.08215
2.08913
2.14487
2.07101
2.10063
2.08078
2.12009
2.12032
2.09033
2.16788
2.27281
2.09645
2.06147
2.34328
2.10796
2.08722
2.1881
2.08119
2.1456
2.3431
2.07361
2.0661
2.096
2.14693
2.06187
2.14969
2.19832
2.1468
2.09543
2.0817
2.0949
2.11345
2.08635
2.34288
2.09263
2.06676
2.07592
2.10888
2.0756
2.18221
2.1185
2.09667
2.07242
2.09539
2.08159
2.21916
2.05587
2.10818
2.1347
2.05564
2.0823
2.08746
2.27215
2.1666
2.34255
2.10732
2.2873
2.06695
2.06156
2.27189
2.08735
2.12432
2.06713
2.13096
2.08373
2.08031
2.0793
2.09604
2.18756
2.06776
2.14907
2.06952
2.08008
2.08839
2.27167
2.14998
2.06881
2.09361
2.16787
2.08928
2.09196
2.09519
2.08361
2.07137
2.0836
2.08573
2.2715
2.18818
2.08884
2.12698
2.15092
2.07048
2.27134
2.09197
2.05269
2.09898
2.0739
2.11179
2.1536
2.08704
2.08719
2.1284
2.08106
2.12136
2.34179
2.06688
2.09379
2.10784
2.09898
2.06561
2.08004
2.1027
2.15836
2.07321
2.149
2.13867
2.30639
2.06289
2.09544
2.09991
2.12637
2.09511
2.26607
2.10449
2.06848
2.08104
2.09142
2.10729
2.06471
2.27084
2.26842
2.06598
2.06834
2.13497
2.06469
2.12306
2.10207
2.0963
2.10945
2.08802
2.12045
2.10378
2.34121
2.0834
2.13684
2.09974
2.34108
2.09562
2.09206
2.27045
2.10337
2.14642
2.25515
2.10751
2.28187
2.05919
2.08661
2.13743
2.08898
2.13399
2.14658
2.13469
2.34065
2.11484
2.06923
2.08194
2.08534
2.18653
2.22279
2.0797
2.09435
2.21994
2.09254
2.09669
2.1571
2.07732
2.09475
2.11011
2.06982
2.08878
2.08586
2.26984
2.08439
2.28518
2.09149
2.06445
2.16675
2.06654
2.14327
2.19477
2.06476
2.12839
2.11061
2.12927
2.12918
2.09239
2.13374
2.11998
2.26952
2.20059
2.06392
2.13575
2.10873
2.1933
2.12767
2.06448
2.08862
2.15343
2.12082
2.07311
2.09277
2.0722
2.18604
2.13448
2.06151
2.09398
2.137
2.07407
2.10668
2.06445
2.16641
2.05981
2.102
2.20197
2.07386
2.11899
2.10436
2.15092
2.07226
2.10489
2.23254
2.06164
2.26902
2.12158
2.12399
2.06043
2.28428
2.17956
2.06156
2.07073
2.08593
2.10222
2.08838
2.14783
2.12653
2.06438
2.0877
2.09088
2.14463
2.10234
2.0654
2.21708
2.10817
2.16953
2.06227
2.09624
2.07506
2.33924
2.14396
2.08707
2.14849
2.13115
2.15575
2.10031
2.05579
2.14764
2.26848
2.07598
2.06109
2.0862
2.09005
2.07564
2.09251
2.08405
2.08303
2.09626
2.16175
2.26834
2.11504
2.0738
2.10202
2.26824
2.09279
2.10648
2.06586
2.09487
2.08635
2.07806
2.0861
2.08741
2.26811
2.11952
2.11487
2.0648
2.10827
2.14495
2.05732
2.19064
2.06188
2.08599
2.13645
2.11351
2.07443
2.09263
2.07944
2.33858
2.15428
2.07856
2.08816
2.0881
2.33844
2.12103
2.16347
2.16576
2.12447
2.09116
2.19405
2.11776
2.11767
2.07781
2.10181
2.08327
2.16136
2.10007
2.07976
2.09131
2.06417
2.10805
2.08384
2.09771
2.17979
2.2036
2.28281
2.11696
2.05871
2.11572
2.22838
2.10411
2.07744
2.09365
2.10086
2.08468
2.07157
2.09456
2.15624
2.08491
2.26727
2.25104
2.26714
2.22019
2.05258
2.20051
2.06977
2.19177
2.06181
2.1038
2.09329
2.33755
2.18631
2.06359
2.06408
2.07847
2.10207
2.26684
2.18662
2.16271
2.07833
2.13431
2.06473
2.33726
2.16319
2.05559
2.33713
2.07812
2.10835
2.06664
2.33702
2.14158
2.07599
2.06039
2.09745
2.07279
2.12269
2.06662
2.10158
2.09264
2.23829
2.08858
2.09051
2.16471
2.05776
2.08633
2.15689
2.22341
2.1056
2.17921
2.10476
2.08732
2.2662
2.06919
2.3366
2.065
2.14122
2.12336
2.09012
2.07584
2.10549
2.15674
2.05979
2.10081
2.12403
2.0723
2.12278
2.06314
2.09304
2.21252
2.07159
2.20846
2.0832
2.24194
2.13781
2.16568
2.08376
2.10824
2.16047
2.05229
2.09171
2.11619
2.18923
2.10528
2.09143
2.11096
2.17887
2.05663
2.09715
2.08669
2.17883
2.13771
2.18321
2.17189
2.06635
2.26548
2.31002
2.05801
2.08097
2.09247
2.16024
2.09932
2.16022
2.05478
2.10056
2.18353
2.07549
2.09051
2.07788
2.14643
2.05892
2.21491
2.07078
2.09521
2.09571
2.0909
2.10111
2.1195
2.11141
2.10573
2.07844
2.08395
2.08793
2.33562
2.0908
2.33551
2.06731
2.11983
2.07271
2.07541
2.10324
2.11206
2.12346
2.05224
2.07692
2.08986
2.33537
2.10593
2.05766
2.09661
2.08218
2.11787
2.14083
2.33523
2.09683
2.33512
2.12281
2.15183
2.09548
2.33498
2.15595
2.05617
2.09811
2.10816
2.11117
2.10144
2.10714
2.08963
2.16215
2.07686
2.07909
2.09431
2.12761
2.13968
2.08395
2.26445
2.0899
2.30311
2.05625
2.09365
2.11201
2.13857
2.06175
2.09363
2.08293
2.16332
2.06555
2.14518
2.12315
2.12527
2.07402
2.08971
2.08012
2.3345
2.07938
2.08568
2.26413
2.06416
2.26405
2.08778
2.09078
2.11211
2.07785
2.07115
2.09411
2.08049
2.26393
2.30251
2.10456
2.17932
2.10512
2.09975
2.07324
2.12803
2.09195
2.08949
2.0873
2.14705
2.10245
2.08557
2.15548
2.06356
2.08472
2.10006
2.09143
2.08464
2.14667
2.0616
2.18247
2.07078
2.09733
2.27506
2.05817
2.11727
2.21063
2.05989
2.09991
2.14196
2.33375
2.06571
2.14985
2.06499
2.09332
2.26335
2.05756
2.1062
2.21043
2.0989
2.11864
2.05665
2.17751
2.26317
2.12561
2.05508
2.18756
2.06842
2.08187
2.14999
2.05442
2.09949
2.13446
2.07354
2.13117
2.10398
2.07757
2.08335
2.26297
2.18181
2.05595
2.1529
2.06591
2.33318
2.26277
2.10696
2.05685
2.11411
2.18191
2.06254
2.18732
2.0708
2.1803
2.06429
2.106
2.20992
2.06284
2.0853
2.10348
2.08903
2.07177
2.09139
2.09834
2.1487
2.09673
2.07635
2.18176
2.11538
2.07251
2.07666
2.09208
2.27782
2.08974
2.0732
2.09132
2.11248
2.1871
2.06126
2.07774
2.08564
2.33263
2.09652
2.06614
2.1622
2.08623
2.09989
2.11613
2.14058
2.06204
2.12835
2.0565
2.09295
2.08983
2.09237
2.07177
2.10815
2.26214
2.16032
2.13495
2.06964
2.21286
2.07029
2.12784
2.06017
2.33228
2.12587
2.08911
2.06008
2.33217
2.23726
2.072
2.06727
2.11377
2.15308
2.08755
2.12058
2.07714
2.09385
2.09537
2.10519
2.22315
2.07521
2.07958
2.21261
2.06755
2.12094
2.08147
2.13854
2.06011
2.14416
2.26157
2.05641
2.1203
2.06389
2.09185
2.08614
2.17543
2.09188
2.08484
2.11263
2.25835
2.07371
2.10508
2.09629
2.09073
2.18103
2.09812
2.09026
2.05728
2.33156
2.23513
2.1205
2.14689
2.06533
2.13979
2.082
2.19965
2.06577
2.08583
2.16148
2.06799
2.09165
2.21292
2.10322
2.08665
2.08683
2.10826
2.25796
2.06673
2.08416
2.08999
2.07848
2.07692
2.1114
2.09125
2.17632
2.0598
2.09253
2.1532
2.09921
2.08592
2.07973
2.07176
2.07764
2.09292
2.14591
2.2608
2.05582
2.18063
2.0654
2.07715
2.09019
2.12841
2.06728
2.0864
2.20826
2.12161
2.10335
2.2221
2.07259
2.05974
2.33084
2.26048
2.33067
2.08305
2.06305
2.09305
2.15759
2.26031
2.20501
2.0959
2.33044
2.06174
2.21169
2.06884
2.0872
2.08903
2.07784
2.07885
2.33029
2.07094
2.08431
2.08229
2.1089
2.08225
2.09623
2.07022
2.08256
2.08908
2.1037
2.095
2.10938
2.05822
2.08427
2.08177
2.12109
2.19888
2.10606
2.06983
2.33008
2.18011
2.09049
2.15272
2.09598
2.10885
2.06516
2.25975
2.20074
2.16204
2.12628
2.25961
2.16642
2.15708
2.05398
2.10868
2.22114
2.06891
2.10117
2.11034
2.05888
2.12788
2.29282
2.25933
2.08931
2.05277
2.11957
2.08883
2.11955
2.20743
2.07786
2.13146
2.11825
2.25915
2.19716
2.05954
2.15934
2.08427
2.157
2.17963
2.22138
2.06204
2.1252
2.07317
2.17537
2.25891
2.0824
2.25883
2.10671
2.17948
2.05961
2.08154
2.13125
2.06282
2.25869
2.14089
2.05228
2.21081
2.10739
2.10915
2.06636
2.08745
2.08798
2.0815
2.17933
2.07587
2.09175
2.2585
2.14909
2.07668
2.07005
2.10435
2.14912
2.10189
2.10882
2.06507
2.08283
2.0901
2.18653
2.06283
2.0999
2.07797
2.07386
2.07683
2.10947
2.07683
2.08873
2.09831
2.07702
2.0696
2.10287
2.14337
2.07383
2.25824
2.15192
2.18009
2.05506
2.09793
2.2199
2.08548
2.17773
2.10227
2.05785
2.21046
2.07685
2.17392
2.06447
2.09003
2.07826
2.09383
2.25795
2.07008
2.12132
2.32815
2.19079
2.10181
2.09258
2.09017
2.25773
2.15923
2.16108
2.0602
2.10682
2.25761
2.12802
2.06366
2.27318
2.1064
2.05786
2.09817
2.08092
2.22193
2.10757
2.0667
2.12609
2.05947
2.32766
2.25732
2.05378
2.1245
2.07519
2.103
2.17573
2.21002
2.14075
2.0906
2.0948
2.13791
2.32738
2.08589
2.11516
2.06315
2.10887
2.12682
2.23586
2.0935
2.32719
2.18795
2.05956
2.17266
2.05376
2.17443
2.05683
2.08323
2.10928
2.12479
2.06595
2.08692
2.0855
2.15726
2.1969
2.0904
2.08779
2.13711
2.05577
2.14195
2.25671
2.32682
2.08356
2.07648
2.11388
2.28981
2.08402
2.07978
2.25651
2.15086
2.16578
2.1701
2.06416
2.27194
2.13859
2.05599
2.06354
2.09463
2.13709
2.09571
2.32639
2.06294
2.09436
2.11325
2.08342
2.07534
2.09126
2.25619
2.06325
2.107
2.13845
2.32619
2.18062
2.1885
2.05739
2.14424
2.06465
2.32602
2.11052
2.11369
2.07715
2.16758
2.12875
2.12961
2.15614
2.08435
2.18454
2.14156
2.06825
2.20909
2.06005
2.20906
2.07108
2.12841
2.09503
2.27117
2.14866
2.24779
2.05901
2.09416
2.06448
2.11329
2.076
2.26726
2.12575
2.07168
2.07688
2.13714
2.14888
2.07738
2.17538
2.0978
2.19847
2.10388
2.15752
2.07395
2.3253
2.11859
2.07326
2.09821
2.32519
2.09723
2.09894
2.07419
2.08411
2.12822
2.07386
2.10964
2.15976
2.07771
2.08014
2.07782
2.08831
2.0762
2.0893
2.07781
2.32502
2.08643
2.05831
2.25509
2.09708
2.08946
2.06637
2.07839
2.08846
2.25499
2.12988
2.1058
2.08133
2.18263
2.20419
2.05618
2.0689
2.12299
2.0754
2.1289
2.10364
2.15492
2.05906
2.09296
2.25477
2.18541
2.09384
2.24694
2.08481
2.10026
2.0979
2.07974
2.20797
2.14541
2.12136
2.3244
2.11367
2.10943
2.0654
2.09855
2.07162
2.14137
2.14965
2.156
2.08377
2.09056
2.25439
2.09072
2.10421
2.12384
2.05543
2.1694
2.09778
2.32411
2.1346
2.18753
2.11486
2.06651
2.09073
2.07625
2.25415
2.08414
2.06387
2.1117
2.25407
2.10953
2.09992
2.06007
2.20794
2.05947
2.18385
2.07274
2.32374
2.14797
2.05122
2.11905
2.08804
2.11562
2.2091
2.0571
2.1358
2.06273
2.0889
2.07746
2.32355
2.0973
2.2222
2.0509
2.08299
2.08718
2.3234
2.15432
2.05843
2.08196
2.0908
2.06628
2.07603
2.08296
2.25358
2.26053
2.04763
2.14038
2.13968
2.10739
2.09504
2.13565
2.10359
2.11371
2.1762
2.06026
2.08723
2.09965
2.08025
2.08379
2.1241
2.11873
2.19126
2.14615
2.09204
2.09086
2.08702
2.1761
2.1007
2.08155
2.10894
2.07729
2.15408
2.06497
2.14017
2.05461
2.32287
2.25312
2.068
2.06319
2.17596
2.06009
2.10255
2.20348
2.13403
2.10214
2.06237
2.08862
2.08416
2.32262
2.2223
2.0769
2.17801
2.07243
2.09491
2.2528
2.05529
2.0949
2.10267
2.32238
2.07359
2.10914
2.13412
2.10428
2.07981
2.19081
2.06627
2.09003
2.14984
2.05458
2.09484
2.10072
2.0721
2.0749
2.10875
2.09622
2.08524
2.11503
2.32216
2.07713
2.15543
2.06464
2.20094
2.08802
2.06617
2.09859
2.10553
2.1452
2.05035
2.09592
2.08181
2.13082
2.06734
2.15012
2.07998
2.08972
2.10785
2.09338
2.21473
2.08167
2.12926
2.07601
2.08589
2.25224
2.09624
2.12333
2.09066
2.06822
2.32177
2.07461
2.08907
2.25209
2.15016
2.10786
2.08812
2.09009
2.11946
2.09401
2.06888
2.12944
2.32155
2.07777
2.11808
2.08653
2.26725
2.18126
2.32135
2.08007
2.06726
2.12579
2.05783
2.09075
2.17165
2.05332
2.08243
2.09545
2.08973
2.1243
2.19009
2.25165
2.06331
2.07986
2.09905
2.10462
2.07285
2.07241
2.08454
2.0956
2.0973
2.09029
2.25153
2.07061
2.20242
2.11042
2.07637
2.06982
2.32096
2.09801
2.32087
2.07054
2.09569
2.06607
2.08898
2.07457
2.15311
2.25128
2.0648
2.14227
2.09467
2.32067
2.08749
2.2499
2.06383
2.06727
2.06907
2.09116
2.25108
2.1025
2.11393
2.11212
2.06482
2.10762
2.07666
2.07984
2.07733
2.13416
2.05843
2.32041
2.10766
2.06616
2.12378
2.06885
2.11042
2.08459
2.12536
2.10655
2.25084
2.17666
2.25075
2.1864
2.13752
2.06013
2.08469
2.25064
2.09653
2.0751
2.07701
2.06277
2.25056
2.11462
2.0923
2.17387
2.06222
2.09034
2.08144
2.15493
2.06742
2.15491
2.04845
2.10395
2.19274
2.13893
2.04907
2.08942
2.08679
2.09811
2.06919
2.17097
2.07549
2.31976
2.19255
2.09207
2.06268
2.10008
2.09147
2.25021
2.10048
2.07696
2.08691
2.09145
2.07391
2.07823
2.31955
2.08194
2.06853
2.08526
2.09142
2.11347
2.15252
2.05314
2.0999
2.12615
2.0506
2.09082
2.08076
2.08014
2.06986
2.08928
2.10703
2.05758
2.24997
2.11084
2.0944
2.08063
2.07464
2.07357
2.09765
2.08193
2.07593
2.1707
2.21251
2.07249
2.1221
2.06238
2.09502
2.09572
2.16809
2.12208
2.16537
2.07791
2.08179
2.08016
2.09675
2.08037
2.07867
2.07696
2.13906
2.19224
2.0831
2.05155
2.10949
2.07517
2.17055
2.19218
2.08982
2.13063
2.05433
2.08128
2.10651
2.15014
2.12758
2.08958
2.15475
2.06132
2.07579
2.11756
2.1325
2.1035
2.24944
2.1721
2.15208
2.07739
2.09971
2.15208
2.05468
2.08902
2.1054
2.13824
2.05796
2.31872
2.11368
2.14184
2.24921
2.06124
2.11046
2.1019
2.31854
2.148
2.06018
2.10951
2.13703
2.18581
2.07965
2.07614
2.07334
2.09465
2.07168
2.08035
2.08714
2.13486
2.09421
2.09779
2.07713
2.08314
2.08406
2.15572
2.06725
2.07979
2.17012
2.24887
2.11115
2.19164
2.09047
2.10867
2.0612
2.09127
2.09548
2.13372
2.11152
2.21143
2.0754
2.19154
2.07596
2.10298
2.31804
2.17858
2.11954
2.058
2.20439
2.09509
2.09007
2.07148
2.09017
2.07581
2.08021
2.10639
2.10357
2.18643
2.2043
2.13355
2.31776
2.11233
2.1054
2.06559
2.07945
2.0878
2.15282
2.13001
2.10758
2.14563
2.07341
2.06852
2.07962
2.09165
2.07462
2.0801
2.14695
2.0732
2.11852
2.11077
2.21284
2.05674
2.08088
2.24813
2.05767
2.08341
2.24806
2.20307
2.19799
2.31732
2.18218
2.05218
2.09686
2.14806
2.05934
2.15261
2.21065
2.07037
2.06299
2.31712
2.09045
2.06467
2.0925
2.06665
2.09091
2.07942
2.21052
2.08141
2.17123
2.10553
2.24759
2.10313
2.15358
2.05658
2.1637
2.06788
2.17982
2.08823
2.06221
2.0846
2.2037
2.24743
2.10399
2.06284
2.10589
2.13391
2.09682
2.10769
2.15106
2.2473
2.0595
2.08841
2.12555
2.05718
2.24721
2.14019
2.10243
2.05717
2.12214
2.15993
2.13236
2.16075
2.17221
2.07742
2.0699
2.15754
2.06796
2.13272
2.05435
2.17768
2.06373
2.20338
2.06262
2.11546
2.1841
2.07494
2.24691
2.20372
2.0593
2.20329
2.06881
2.08184
2.08223
2.08108
2.06251
2.08107
2.07339
2.16903
2.19164
2.08747
2.11954
2.06656
2.24671
2.0837
2.0664
2.17743
2.06341
2.12502
2.06277
2.31594
2.22329
2.05611
2.07323
2.15975
2.20381
2.13424
2.31574
2.08484
2.18348
2.24636
2.13501
2.08785
2.25788
2.17169
2.06456
2.09042
2.20289
2.24618
2.07795
2.10768
2.31537
2.10226
2.23513
2.0591
2.09983
2.11804
2.06847
2.09112
2.24599
2.10489
2.06741
2.10947
2.15681
2.10313
2.0712
2.07535
2.15175
2.24586
2.15031
2.05222
2.13728
2.06686
2.08085
2.15932
2.06195
2.08148
2.09587
2.21134
2.10188
2.05668
2.31492
2.10138
2.06305
2.10083
2.11928
2.07265
2.07867
2.08061
2.0937
2.0856
2.09238
2.10543
2.07724
2.2086
2.16842
2.24549
2.13186
2.08878
2.07113
2.14613
2.17671
2.07951
2.08576
2.09748
2.10373
2.05413
2.31458
2.12044
2.08804
2.09962
2.10134
2.09359
2.12122
2.1299
2.06066
2.07343
2.0802
2.12039
2.25682
2.0707
2.16264
2.05563
2.08272
2.24516
2.16779
2.06795
2.07903
2.13187
2.06592
2.13985
2.10168
2.17085
2.19673
2.06867
2.07495
2.11632
2.05407
2.13614
2.12035
2.06061
2.24493
2.13983
2.07846
2.14559
2.08771
2.31403
2.12303
2.08996
2.24477
2.2375
2.15611
2.12088
2.24465
2.076
2.31375
2.24453
2.05154
2.09929
2.24447
2.06058
2.31356
2.22147
2.08476
2.1063
2.05991
2.12089
2.08286
2.06824
2.09855
2.10594
2.10395
2.14757
2.08154
2.06678
2.09783
2.24421
2.13956
2.24414
2.13587
2.07386
2.15603
2.08418
2.07312
2.08314
2.09249
2.13147
2.08512
2.20726
2.09061
2.14541
2.10646
2.07932
2.12468
2.08803
2.09774
2.08144
2.10102
2.20715
2.0788
2.24386
2.11942
2.09938
2.24378
2.1252
2.24371
2.15476
2.10463
2.09961
2.07108
2.12444
2.09699
2.31279
2.10298
2.08254
2.07828
2.0874
2.24353
2.06493
2.07815
2.09915
2.06282
2.24346
2.10129
2.10006
2.24338
2.05474
2.08682
2.12651
2.12839
2.0746
2.07424
2.06912
2.07727
2.08344
2.31248
2.16892
2.13515
2.06857
2.16185
2.05562
2.07977
2.08456
2.17736
2.05468
2.17733
2.07454
2.07444
2.07468
2.13612
2.16978
2.05449
2.08338
2.31223
2.0708
2.07841
2.14693
2.2548
2.06854
2.07579
2.09668
2.12429
2.24294
2.14342
2.06312
2.14244
2.08857
2.13939
2.04899
2.07967
2.08242
2.06576
2.07864
2.10946
2.07857
2.10944
2.20617
2.09536
2.24276
2.06247
2.0811
2.08861
2.08064
2.16704
2.24267
2.10593
2.0972
2.15527
2.05597
2.25838
2.07558
2.14875
2.08672
2.10342
2.10972
2.1071
2.11138
2.05501
2.14466
2.12565
2.08382
2.14867
2.0871
2.13162
2.08549
2.09723
2.24242
2.12134
2.12211
2.05882
2.09079
2.07399
2.14456
2.31141
2.05929
2.0719
2.09856
2.258
2.09594
2.05719
2.31127
2.09446
2.06165
2.10796
2.31118
2.24209
2.09436
2.06177
2.07211
2.08602
2.10691
2.05882
2.31103
2.16313
2.31093
2.16354
2.05151
2.1365
2.06056
2.1231
2.07639
2.3108
2.1691
2.10397
2.1125
2.08441
2.24174
2.14454
2.08288
2.07579
2.1078
2.3106
2.09372
2.05769
2.08748
2.31051
2.05207
2.17634
2.0617
2.09238
2.1442
2.09659
2.07784
2.31038
2.17079
2.07126
2.09582
2.07614
2.08154
2.19992
2.06724
2.31023
2.07813
2.05296
2.31015
2.10841
2.31007
2.07149
2.30999
2.06691
2.06612
2.24117
2.19928
2.24109
2.10866
2.05861
2.08658
2.07937
2.07187
2.07938
2.08181
2.241
2.08321
2.05779
2.148
2.0567
2.07757
2.08141
2.30968
2.19142
2.1248
2.06394
2.111
2.06176
2.13436
2.10514
2.17403
2.05488
2.13602
2.24077
2.1538
2.09751
2.16868
2.20695
2.06868
2.07877
2.08806
2.24062
2.13969
2.05562
2.151
2.30926
2.05804
2.08068
2.09417
2.10871
2.07234
2.09603
2.19339
2.05434
2.19933
2.07488
2.1397
2.0787
2.30908
2.15388
2.07429
2.05781
2.16583
2.1117
2.10291
2.07843
2.07154
2.16807
2.05512
2.27141
2.0846
2.08022
2.07388
2.07826
2.1046
2.08415
2.10568
2.25194
2.091
2.11349
2.19312
2.05647
2.16795
2.08644
2.08312
2.10886
2.16791
2.06216
2.08227
2.09165
2.12651
2.05341
2.30864
2.23993
2.13396
2.0561
2.19894
2.1626
2.08723
2.30844
2.07944
2.16315
2.05469
2.19885
2.08974
2.08024
2.17697
2.06048
2.08592
2.30827
2.09024
2.06794
2.12942
2.09102
2.20341
2.10559
2.06048
2.15549
2.0809
2.08689
2.1432
2.11152
2.05836
2.07345
2.10496
2.09296
2.06248
2.07733
2.09147
2.06644
2.10951
2.08963
2.06493
2.07931
2.083
2.08188
2.10882
2.08915
2.06122
2.19861
2.07075
2.06967
2.0712
2.09168
2.09222
2.30796
2.06687
2.09225
2.12924
2.07664
2.06755
2.30786
2.19236
2.12597
2.06108
2.30774
2.19423
2.06408
2.09849
2.10296
2.09315
2.07143
2.30762
2.06629
2.08132
2.23907
2.16422
2.12728
2.06113
2.07184
2.07623
2.08721
2.06518
2.08516
2.09278
2.09143
2.09439
2.20279
2.08143
2.09427
2.08111
2.14287
2.05671
2.07715
2.11908
2.1469
2.09654
2.09152
2.11401
2.08958
2.15818
2.08357
2.11582
2.16711
2.13728
2.09093
2.09485
2.11514
2.051
2.07206
2.09312
2.08468
2.3072
2.17726
2.07467
2.08757
2.06501
2.09364
2.0732
2.11242
2.30708
2.15485
2.12411
2.06636
2.09142
2.06866
2.1073
2.07977
2.30695
2.17072
2.0667
2.1669
2.07783
2.08853
2.25004
2.06848
2.13233
2.06684
2.10571
2.16755
2.05639
2.09102
2.07943
2.2383
2.06791
2.07568
2.07657
2.07678
2.13384
2.16234
2.06666
2.07533
2.09015
2.08695
2.08574
2.23818
2.22051
2.2381
2.14855
2.11337
2.13615
2.06642
2.30643
2.05332
2.09952
2.07166
2.16453
2.09921
2.16712
2.16725
2.07602
2.06271
2.08667
2.18458
2.07046
2.30624
2.22583
2.07653
2.07252
2.08495
2.07593
2.08095
2.2232
2.0734
2.16435
2.07516
2.08144
2.07922
2.19748
2.23766
2.07206
2.06034
2.08767
2.13465
2.05932
2.08181
2.12542
2.05304
2.13275
2.11725
2.11265
2.23753
2.18531
2.06042
2.0606
2.07916
2.3058
2.06544
2.0728
2.07491
2.12224
2.11224
2.1461
2.23737
2.08811
2.14398
2.11527
2.05726
2.30561
2.19254
2.05286
2.05685
2.08665
2.08992
2.0837
2.16412
2.09914
2.07933
2.20119
2.15705
2.06873
2.07391
2.11849
2.10641
2.06649
2.0845
2.10344
2.10084
2.13295
2.06914
2.1281
2.06042
2.12965
2.18312
2.06738
2.15859
2.05013
2.30527
2.22639
2.15359
2.06684
2.06322
2.07773
2.0786
2.11816
2.24848
2.08514
2.06921
2.23681
2.12611
2.1513
2.06136
2.2281
2.20073
2.06199
2.06525
2.138
2.0955
2.06287
2.11137
2.23662
2.14165
2.09836
2.05422
2.12787
2.19696
2.23651
2.08107
2.06572
2.09653
2.08874
2.23644
2.12069
2.06944
2.11811
2.10105
2.05905
2.07892
2.16371
2.05287
2.0853
2.10175
2.0849
2.11124
2.08906
2.08487
2.09136
2.0691
2.07061
2.0928
2.1061
2.05456
2.30455
2.08485
2.19658
2.05337
2.09504
2.09329
2.1941
2.11657
2.05755
2.07257
2.09289
2.06618
2.07641
2.16549
2.11795
2.06236
2.07046
2.07995
2.23219
2.05599
2.07837
2.14138
2.30428
2.05153
2.07836
2.07999
2.3042
2.13501
2.15848
2.13305
2.07193
2.10032
2.30408
2.06638
2.14689
2.07737
2.10993
2.08893
2.10519
2.23584
2.11874
2.12715
2.19711
2.06406
2.30386
2.08606
2.30379
2.16314
2.15065
2.19318
2.06831
2.08318
2.08663
2.07095
2.08369
2.12552
2.07026
2.08069
2.07266
2.08401
2.1151
2.3036
2.11864
2.16088
2.05415
2.17063
2.0503
2.09857
2.07751
2.30346
2.13328
2.11819
2.05937
2.19595
2.06849
2.08041
2.0916
2.09453
2.09309
2.07018
2.08398
2.08611
2.07621
2.0895
2.23529
2.13723
2.11528
2.0873
2.07266
2.06414
2.07265
2.07578
2.09696
2.30321
2.0563
2.10633
2.23515
2.07071
2.13916
2.09103
2.08013
2.19575
2.08919
2.10129
2.06177
2.08251
2.10475
2.08503
2.11485
2.08549
2.08688
2.30298
2.11363
2.06629
2.07055
2.08622
2.1408
2.05545
2.08981
2.08478
2.10846
2.06013
2.07644
2.13221
2.05262
2.17022
2.08144
2.08487
2.12852
2.05543
2.23484
2.08942
2.09295
2.06553
2.07219
2.11096
2.07746
2.12478
2.18899
2.06214
2.30269
2.11286
2.17212
2.05117
2.09353
2.08491
2.15193
2.07695
2.08926
2.13117
2.06007
2.07247
2.09783
2.14752
2.05232
2.08478
2.11706
2.16999
2.23454
2.05312
2.08083
2.07695
2.07794
2.13056
2.05749
2.14451
2.0963
2.06277
2.08667
2.19527
2.05866
2.09812
2.09914
2.10352
2.2344
2.05452
2.07927
2.08292
2.14735
2.06504
2.15217
2.05332
2.16426
2.14439
2.10694
2.13443
2.05913
2.07745
2.13157
2.07494
2.08881
2.10979
2.0849
2.12722
2.08093
2.30212
2.12337
2.06129
2.09487
2.08622
2.10968
2.07157
2.11949
2.20117
2.06035
2.16486
2.05859
2.09795
2.07404
2.30195
2.06877
2.06167
2.07718
2.08501
2.06152
2.30187
2.23394
2.10472
2.05996
2.15823
2.18525
2.12425
2.08827
2.06458
2.06699
2.30168
2.06188
2.07165
2.14013
2.08085
2.0614
2.09086
2.12016
2.06857
2.07221
2.12601
2.09362
2.30155
2.0582
2.07185
2.07672
2.10064
2.11597
2.0626
2.07105
2.07764
2.13265
2.05987
2.23362
2.24507
2.05746
2.30135
2.08532
2.1634
2.08781
2.09015
2.23347
2.08367
2.0953
2.07813
2.11175
2.11021
2.06149
2.30117
2.16463
2.05154
2.06731
2.20949
2.16005
2.04923
2.12324
2.14311
2.08004
2.05902
2.08393
2.10048
2.15105
2.15501
2.1038
2.07124
2.10399
2.11143
2.07995
2.10644
2.112
2.05234
2.3009
2.10908
2.06439
2.07527
2.18771
2.07176
2.08511
2.06122
2.07553
2.09112
2.11568
2.15701
2.095
2.11646
2.07259
2.14369
2.07688
2.06836
2.09508
2.07404
2.08903
2.08477
2.23294
2.12138
2.07082
2.09495
2.30063
2.06294
2.06966
2.08155
2.18014
2.07004
2.0707
2.08335
2.30052
2.06348
2.06645
2.0949
2.21977
2.10315
2.08052
2.12587
2.19406
2.10253
2.06384
2.14484
2.04534
2.08403
2.07464
2.14496
2.19705
2.06753
2.07654
2.1117
2.244
2.0511
2.08697
2.19695
2.08546
2.19388
2.11584
2.06966
2.06518
2.12943
2.06518
2.08193
2.07013
2.17712
2.05635
2.08394
2.09281
2.08954
2.19683
2.0892
2.05611
2.08405
2.18715
2.08818
2.07079
2.08709
2.11061
2.05962
2.23231
2.13215
2.0748
2.07821
2.08096
2.14938
2.05871
2.07148
2.08349
2.24795
2.08451
2.06348
2.23219
2.07227
2.06065
2.1445
2.05526
2.07145
2.12942
2.05869
2.29976
2.23206
2.05469
2.29966
2.11077
2.06221
2.07754
2.22864
2.06063
2.07716
2.13913
2.06277
2.08
2.10498
2.07688
2.07593
2.07999
2.29949
2.16005
2.06265
2.06359
2.11634
2.2994
2.11527
2.16178
2.05604
2.2993
2.13889
2.05753
2.08511
2.12535
2.05493
2.23166
2.13671
2.15005
2.08216
2.18654
2.2991
2.10059
2.11509
2.12273
2.09161
2.09543
2.12964
2.23145
2.05411
2.2314
2.2989
2.04941
2.1102
2.14072
2.07669
2.14558
2.05704
2.07725
2.13977
2.08998
2.29876
2.1383
2.06053
2.13625
2.09668
2.11263
2.06265
2.09021
2.13901
2.07318
2.14397
2.09608
2.05963
2.08246
2.07178
2.24685
2.12082
2.06629
2.09097
2.07708
2.1387
2.05833
2.1622
2.05403
2.29849
2.13528
2.05648
2.05483
2.07716
2.29841
2.12123
2.11151
2.07667
2.07462
2.23088
2.09584
2.09294
2.10003
2.14864
2.08887
2.06642
2.11874
2.06873
2.09343
2.09737
2.07464
2.08458
2.12953
2.06205
2.08827
2.13408
2.0755
2.23275
2.08138
2.13459
2.18585
2.05943
2.0714
2.13287
2.23063
2.08614
2.07279
2.16191
2.05144
2.07682
2.08302
2.06966
2.06476
2.09954
2.19802
2.08617
2.07456
2.08038
2.0768
2.16032
2.05533
2.07899
2.07052
2.08336
2.12105
2.06198
2.13834
2.24191
2.05805
2.07708
2.08253
2.09305
2.08378
2.06479
2.16176
2.10315
2.10784
2.0608
2.07694
2.09757
2.08306
2.07699
2.23032
2.16421
2.17201
2.14017
2.06511
2.06338
2.09111
2.14015
2.10336
2.0592
2.06466
2.09937
2.08261
2.14218
2.08403
2.06879
2.18881
2.10865
2.05799
2.29756
2.13323
2.1275
2.06161
2.08217
2.08225
2.08043
2.12601
2.09193
2.08058
2.14209
2.07664
2.11423
2.06891
2.07569
2.11143
2.11356
2.13806
2.12781
2.07694
2.15996
2.08052
2.06153
2.07917
2.10034
2.05492
2.29732
2.11735
2.11328
2.14928
2.08291
2.08941
2.12438
2.13213
2.05926
2.14194
2.05164
2.0831
2.13794
2.22292
2.07947
2.06299
2.07787
2.07848
2.12545
2.07437
2.07718
2.08442
2.06045
2.09892
2.13789
2.09121
2.06469
2.11734
2.22968
2.297
2.10112
2.08699
2.08013
2.19191
2.09587
2.20334
2.08944
2.0764
2.12419
2.05062
2.08604
2.13776
2.15198
2.05338
2.16663
2.04772
2.07637
2.06854
2.09901
2.06916
2.29676
2.08334
2.13276
2.05481
2.29668
2.20945
2.06788
2.06288
2.08995
2.08315
2.0692
2.245
2.22927
2.08757
2.05567
2.29648
2.1566
2.07461
2.19677
2.06664
2.07009
2.07439
2.07285
2.29635
2.06326
2.14153
2.0512
2.29627
2.22902
2.17659
2.05915
2.07284
2.06894
2.0842
2.22895
2.0834
2.05658
2.09035
2.07486
2.08178
2.11217
2.19163
2.06728
2.07402
2.08028
2.29603
2.12255
2.07191
2.09792
2.07903
2.08342
2.13399
2.06768
2.06422
2.07522
2.08076
2.11875
2.05789
2.14249
2.06241
2.06761
2.08747
2.07899
2.1238
2.17448
2.13253
2.07043
2.06851
2.08543
2.22866
2.05439
2.10234
2.25776
2.07979
2.10364
2.16056
2.08874
2.07792
2.09599
2.05798
2.077
2.07435
2.29568
2.17155
2.13568
2.17151
2.05412
2.07746
2.29555
2.05996
2.19111
2.06181
2.07583
2.08316
2.09701
2.06483
2.09833
2.15796
2.09112
2.05775
2.08815
2.09384
2.13494
2.07736
2.19103
2.15791
2.12362
2.20445
2.08517
2.07002
2.0845
2.08033
2.10409
2.05153
2.19095
2.05324
2.06877
2.07786
2.29524
2.05863
2.10406
2.11023
2.05434
2.2281
2.12536
2.07328
2.0804
2.05442
2.07407
2.07701
2.11675
2.05458
2.06854
2.08956
2.29508
2.11562
2.05978
2.08053
2.295
2.11043
2.05926
2.07101
2.06415
2.08458
2.08859
2.1234
2.11053
2.08434
2.09702
2.07485
2.11191
2.09399
2.09278
2.1956
2.17435
2.07994
2.06026
2.14191
2.07594
2.07055
2.08948
2.06571
2.0761
2.06786
2.08101
2.07053
2.29477
2.08942
2.19711
2.0916
2.05371
2.22768
2.05329
2.29462
2.0872
2.29456
2.08518
2.07967
2.14328
2.11756
2.10312
2.29446
2.13766
2.1016
2.07891
2.12753
2.22744
2.06947
2.22739
2.23449
2.11574
2.04944
2.29423
2.22727
2.12558
2.07617
2.05511
2.14163
2.07058
2.15631
2.22718
2.05481
2.29403
2.07371
2.05761
2.22709
2.14737
2.10593
2.07987
2.09445
2.0883
2.07152
2.09299
2.22701
2.20468
2.10894
2.06262
2.12905
2.12259
2.0586
2.09631
2.2269
2.06454
2.22685
2.16399
2.0762
2.08614
2.06839
2.07456
2.08038
2.16706
2.22676
2.05648
2.09132
2.11249
2.29358
2.07947
2.05861
2.08364
2.07893
2.09181
2.15391
2.05472
2.09941
2.05826
2.07346
2.08159
2.29347
2.22658
2.07228
2.09082
2.06027
2.12799
2.06006
2.14274
2.05454
2.07539
2.06857
2.07308
2.07001
2.10351
2.05291
2.10681
2.22647
2.13421
2.0446
2.07996
2.0903
2.07996
2.2264
2.18286
2.06769
2.13268
2.0701
2.09619
2.08644
2.06987
2.09999
2.09165
2.09417
2.29313
2.22625
2.06517
2.05582
2.07373
2.08099
2.14255
2.21522
2.07332
2.06655
2.18566
2.15044
2.1336
2.2008
2.22607
2.05593
2.12773
2.06112
2.0699
2.12669
2.05284
2.16457
2.04795
2.0698
2.08956
2.16657
2.09482
2.1032
2.09404
2.29275
2.07109
2.05789
2.17661
2.25004
2.06102
2.09873
2.07425
2.14185
2.05513
2.0911
2.12734
2.07177
2.07305
2.15348
2.18211
2.06203
2.07008
2.18938
2.05643
2.15766
2.06913
2.08043
2.10687
2.29246
2.10205
2.07055
2.06815
2.07321
2.08129
2.05488
2.07195
2.08652
2.10118
2.05736
2.08313
2.0759
2.10658
2.23706
2.05629
2.29231
2.22556
2.09218
2.15544
2.11765
2.15542
2.09446
2.10406
2.07881
2.11276
2.05416
2.08808
2.06692
2.06818
2.08087
2.12019
2.09814
2.14308
2.08668
2.09933
2.06195
2.08306
2.07396
2.24103
2.1286
2.0717
2.08025
2.29201
2.08245
2.29194
2.07496
2.10662
2.15023
2.29186
2.12066
2.29179
2.05386
2.12851
2.09367
2.21867
2.08064
2.22777
2.15841
2.04955
2.07329
2.11241
2.12079
2.08901
2.13243
2.08328
2.07337
2.10294
2.22502
2.14091
2.06196
2.07607
2.13238
2.06457
2.29149
2.21372
2.06489
2.0623
2.08881
2.11954
2.07429
2.12314
2.06632
2.07522
2.22483
2.10848
2.0631
2.18865
2.18132
2.04934
2.07323
2.08975
2.07337
2.08611
2.08055
2.16665
2.07518
2.16368
2.05224
2.08154
2.1116
2.05383
2.07781
2.12753
2.05725
2.18855
2.11191
2.14263
2.12436
2.08676
2.08693
2.07974
2.22458
2.1585
2.17835
2.20406
2.08656
2.0579
2.11168
2.06167
2.22446
2.20692
2.08882
2.06271
2.22438
2.10512
2.22434
2.268
2.04956
2.29076
2.20068
2.09962
2.13685
2.0619
2.13022
2.05377
2.15782
2.11733
2.08912
2.08674
2.09417
2.07107
2.09154
2.08677
2.06206
2.08032
2.08063
2.23979
2.11836
2.05558
2.07984
2.10272
2.13468
2.07547
2.10933
2.14126
2.05668
2.07926
2.13495
2.29045
2.11764
2.05811
2.08328
2.06539
2.06937
2.09184
2.16605
2.06241
2.09137
2.07782
2.0943
2.07255
2.21356
2.09661
2.06262
2.08116
2.08285
2.22384
2.17974
2.13905
2.08974
2.09472
2.15647
2.05933
2.09764
2.06952
2.07806
2.09092
2.09309
2.08079
2.10841
2.05086
2.29013
2.20396
2.06348
2.13627
2.07932
2.0748
2.18046
2.08627
2.06626
2.22358
2.21389
2.22352
2.14671
2.07987
2.05206
2.11244
2.06196
2.13468
2.09119
2.22343
2.07323
2.09993
2.08574
2.07106
2.08357
2.06294
2.06945
2.10119
2.1571
2.06089
2.15876
2.10019
2.07467
2.08722
2.10936
2.0907
2.12649
2.05225
2.16284
2.06812
2.10895
2.08599
2.09
2.22325
2.07338
2.08863
2.08886
2.13453
2.0526
2.0811
2.08104
2.06911
2.11108
2.10304
2.06468
2.28956
2.20691
2.11303
2.05353
2.09586
2.06149
2.09009
2.11787
2.05691
2.07559
2.13081
2.22304
2.15147
2.09537
2.06745
2.07356
2.07916
2.07276
2.07554
2.08534
2.06583
2.0691
2.08504
2.11973
2.04723
2.0823
2.07804
2.08122
2.17991
2.05833
2.07725
2.07739
2.10213
2.157
2.0579
2.08122
2.08632
2.08122
2.13981
2.1885
2.05258
2.08005
2.10289
2.2228
2.21581
2.07522
2.05803
2.08313
2.10846
2.09903
2.1361
2.05686
2.08589
2.08149
2.0788
2.06436
2.18728
2.0774
2.28905
2.11054
2.14411
2.06834
2.12611
2.06577
2.10201
2.12068
2.28893
2.11988
2.0551
2.07833
2.28886
2.2028
2.05301
2.09475
2.07276
2.08023
2.1396
2.08732
2.10754
2.07348
2.16228
2.08284
2.0725
2.11334
2.05677
2.07711
2.15576
2.17619
2.09038
2.09038
2.0745
2.1207
2.07906
2.22232
2.12648
2.15442
2.05352
2.07868
2.08283
2.23793
2.08343
2.09043
2.22222
2.28846
2.15652
2.09318
2.08097
2.13379
2.08219
2.06751
2.06277
2.1046
2.05791
2.28835
2.12802
2.25041
2.06367
2.08682
2.07567
2.08682
2.222
2.12335
2.0499
2.18677
2.13966
2.05639
2.06802
2.18674
2.05102
2.12518
2.12049
2.28809
2.15588
2.0868
2.19031
2.08398
2.05786
2.22007
2.05556
2.08162
2.13374
2.10309
2.0815
2.28791
2.16694
2.0575
2.08455
2.12479
2.05053
2.08365
2.11145
2.06558
2.11036
2.11882
2.09012
2.06904
2.06891
2.15532
2.14569
2.08994
2.07046
2.07514
2.12464
2.05509
2.13833
2.07387
2.07837
2.1617
2.06071
2.06567
2.07993
2.08692
2.08677
2.07681
2.06962
2.28766
2.06598
2.2371
2.12457
2.0562
2.10245
2.22143
2.14198
2.06173
2.11612
2.08034
2.18072
2.12321
2.11486
2.08674
2.07234
2.08042
2.07093
2.09457
2.05551
2.13962
2.09045
2.09695
2.07467
2.28738
2.06011
2.08913
2.18978
2.16148
2.09854
2.06038
2.06255
2.09586
2.13954
2.06587
2.13515
2.06441
2.09073
2.2326
2.07714
2.28718
2.15073
2.08766
2.09355
2.08683
2.15543
2.07139
2.0746
2.11391
2.05041
2.09171
2.10479
2.05186
2.12001
2.05126
2.16131
2.07619
2.0822
2.05856
2.0741
2.07292
2.21145
2.091
2.23233
2.08644
2.0532
2.12487
2.21922
2.06622
2.08639
2.10722
2.06062
2.13934
2.06223
2.13434
2.04927
2.08086
2.22082
2.16459
2.18664
2.05607
2.06407
2.10877
2.07285
2.10666
2.12243
2.18539
2.15557
2.0597
2.07445
2.08152
2.07203
2.15471
2.07564
2.07183
2.0628
2.07886
2.06865
2.15469
2.14204
2.0542
2.2206
2.12357
2.05482
2.12236
2.15546
2.11436
2.09514
2.05757
2.28651
2.18638
2.05004
2.09866
2.124
2.28641
2.15785
2.05208
2.0991
2.05748
2.08902
2.07322
2.10551
2.15923
2.08739
2.22033
2.11271
2.04865
2.08899
2.1301
2.21868
2.05671
2.07367
2.08005
2.09478
2.08535
2.05309
2.22023
2.12303
2.05107
2.10653
2.07714
2.21473
2.11457
2.05172
2.08335
2.07897
2.07207
2.08681
2.06804
2.10057
2.08705
2.06673
2.10687
2.06625
2.0738
2.28604
2.05955
2.13075
2.05625
2.14321
2.22004
2.18122
2.10597
2.10777
2.05316
2.09534
2.11832
2.0518
2.15509
2.07068
2.05497
2.18532
2.10097
2.11043
2.05777
2.07379
2.07256
2.10389
2.08456
2.09742
2.06112
2.09019
2.07177
2.07045
2.06443
2.0746
2.12987
2.05763
2.06366
2.11919
2.18581
2.05546
2.21981
2.18418
2.28565
2.1688
2.04874
2.21968
2.06027
2.21964
2.19232
2.07439
2.06342
2.07856
2.23099
2.08941
2.08431
2.0549
2.08754
2.11627
2.09526
2.05953
2.2854
2.17203
2.08523
2.08707
2.10463
2.08399
2.08821
2.07032
2.07452
2.06665
2.15403
2.10024
2.10933
2.08891
2.28526
2.06022
2.18495
2.17708
2.16227
2.07021
2.28513
2.14436
2.05241
2.05013
2.28506
2.18531
2.06394
2.14258
2.05213
2.08884
2.05721
2.07356
2.07672
2.1202
2.07808
2.06361
2.28494
2.1083
2.18452
2.11163
2.04925
2.08033
2.06369
2.06987
2.06825
2.12368
2.18516
2.06381
2.11649
2.18512
2.0486
2.07457
2.07825
2.18782
2.10457
2.21895
2.18673
2.05587
2.15999
2.0507
2.07587
2.06091
2.08849
2.11388
2.05614
2.07602
2.11678
2.06636
2.08931
2.09592
2.08192
2.08256
2.13612
2.04622
2.18458
2.12007
2.16167
2.04727
2.08727
2.09076
2.28451
2.06091
2.05611
2.21874
2.17911
2.06108
2.14197
2.17767
2.06035
2.13203
2.11418
2.05454
2.13602
2.11369
2.05976
2.07594
2.06074
2.08076
2.09319
2.10789
2.08399
2.21858
2.06064
2.21339
2.09306
2.07369
2.12015
2.05966
2.07822
2.07147
2.08963
2.13451
2.05549
2.23407
2.07266
2.06208
2.06977
2.10894
2.06315
2.10067
2.05288
2.13589
2.18728
2.18684
2.077
2.0646
2.07699
2.20959
2.09037
2.18423
2.05765
2.24621
2.0695
2.10789
2.09693
2.07141
2.07698
2.07382
2.08063
2.10026
2.15162
2.07285
2.05605
2.08821
2.08464
2.15865
2.05042
2.07743
2.08151
2.06079
2.06327
2.07715
2.13176
2.09511
2.06326
2.13573
2.06486
2.12013
2.12276
2.28379
2.0706
2.07715
2.17612
2.04891
2.07997
2.09379
2.07999
2.08019
2.11842
2.21808
2.13397
2.21803
2.19205
2.08055
2.18396
2.09943
2.05369
2.08809
2.12373
2.07459
2.11766
2.06452
2.18391
2.06364
2.08065
2.09938
2.20922
2.12042
2.15548
2.09598
2.08682
2.08859
2.05943
2.13604
2.04721
2.08803
2.10851
2.05428
2.13602
2.07366
2.06187
2.08913
2.07648
2.11816
2.06772
2.13622
2.07328
2.08685
2.0635
2.28331
2.0525
2.09557
2.06875
2.16113
2.05969
2.08796
2.07875
2.0885
2.10118
2.08032
2.11825
2.05265
2.21766
2.07628
2.06034
2.07722
2.21762
2.11439
2.21757
2.05832
2.0605
2.0731
2.07186
2.15374
2.06769
2.28305
2.10953
2.05555
2.11957
2.07236
2.12868
2.07113
2.12867
2.07549
2.09327
2.28294
2.10183
2.05246
2.081
2.07295
2.28288
2.06525
2.12865
2.08731
2.06616
2.08121
2.2828
2.16357
2.22853
2.12662
2.0889
2.13297
2.06354
2.0681
2.06303
2.10347
2.07315
2.15268
2.04917
2.08779
2.11264
2.09755
2.10931
2.14069
2.08168
2.05781
2.21714
2.1817
2.05435
2.28253
2.07378
2.07131
2.21705
2.0603
2.13283
2.08627
2.0695
2.06837
2.28242
2.14388
2.06661
2.06394
2.13503
2.05646
2.09765
2.21693
2.11816
2.04935
2.12375
2.15746
2.06549
2.15307
2.05671
2.10675
2.09705
2.28222
2.21679
2.11165
2.06005
2.15056
2.08397
2.07619
2.0815
2.13529
2.13623
2.12105
2.05566
2.12365
2.09576
2.05842
2.06045
2.07995
2.12262
2.06459
2.0629
2.09483
2.05798
2.28202
2.21662
2.05705
2.0557
2.0716
2.07285
2.21657
2.07342
2.11484
2.05241
2.07784
2.06287
2.13516
2.21651
2.16001
2.05755
2.08606
2.06416
2.08012
2.07317
2.12365
2.06116
2.09435
2.06142
2.07814
2.07357
2.14101
2.08726
2.06948
2.07044
2.09412
2.06607
2.07752
2.07121
2.1603
2.15207
2.05018
2.06965
2.06886
2.07757
2.07399
2.07097
2.08102
2.06029
2.08538
2.09504
2.1792
2.0563
2.18275
2.0587
2.07278
2.08254
2.13614
2.17005
2.05054
2.21626
2.21515
2.05515
2.15301
2.06331
2.06656
2.07258
2.28149
2.09926
2.08595
2.08691
2.22736
2.07031
2.12198
2.05734
2.07074
2.09911
2.28137
2.05923
2.28132
2.14548
2.06465
2.06374
2.08201
2.09931
2.216
2.08738
2.07711
2.21489
2.04759
2.0797
2.12794
2.04843
2.12782
2.08064
2.05324
2.13487
2.23137
2.05991
2.09925
2.11733
2.1002
2.07083
2.08088
2.07054
2.09923
2.07519
2.05883
2.06548
2.0852
2.11987
2.06025
2.09595
2.07065
2.07554
2.08035
2.07649
2.07629
2.15236
2.05442
2.1065
2.05787
2.21576
2.14539
2.07853
2.06014
2.06559
2.1823
2.07422
2.14827
2.05045
2.09302
2.18211
2.06694
2.05993
2.15226
2.06443
2.19231
2.06752
2.08568
2.06028
2.08029
2.07508
2.13029
2.10795
2.05837
2.0851
2.0857
2.17859
2.04925
2.10037
2.10507
2.05536
2.07339
2.14817
2.07132
2.18214
2.05653
2.07851
2.11711
2.05546
2.08167
2.28066
2.13676
2.18207
2.09856
2.07679
2.09446
2.07052
2.07238
2.13053
2.10548
2.12016
2.09508
2.07523
2.06318
2.09022
2.07129
2.08773
2.07557
2.06869
2.07133
2.07224
2.06124
2.28049
2.12542
2.0502
2.28042
2.13994
2.05689
2.21524
2.04741
2.10173
2.05225
2.15739
2.04687
2.2803
2.08438
2.09349
2.13927
2.16496
2.08675
2.07023
2.07568
2.07915
2.13434
2.10665
2.0494
2.09282
2.1142
2.08512
2.21506
2.13261
2.12409
2.05485
2.10707
2.12308
2.06322
2.28008
2.08374
2.05536
2.07747
2.09965
2.14769
2.07289
2.08114
2.0847
2.18141
2.074
2.06512
2.07485
2.21488
2.18828
2.07908
2.14256
2.12091
2.06904
2.07221
2.07034
2.10676
2.05631
2.07212
2.27985
2.11674
2.09519
2.06535
2.27979
2.14733
2.04886
2.08495
2.05872
2.27972
2.21465
2.07392
2.27963
2.12949
2.06157
2.08667
2.0553
2.21456
2.17179
2.05776
2.05213
2.07013
2.07753
2.12127
2.27949
2.07752
2.08677
2.11336
2.27943
2.12669
2.12304
2.0765
2.07938
2.11659
2.0739
2.06099
2.07564
2.07939
2.12869
2.07132
2.07905
2.07309
2.07957
2.10658
2.05978
2.21434
2.1689
2.05629
2.12402
2.06574
2.27923
2.10939
2.05566
2.18361
2.1082
2.05925
2.18123
2.05684
2.09742
2.05745
2.0768
2.07519
2.13959
2.05165
2.06517
2.08439
2.1588
2.05726
2.0722
2.10911
2.21806
2.07347
2.08415
2.08504
2.11137
2.06783
2.279
2.21407
2.05293
2.10133
2.07417
2.09754
2.07187
2.07078
2.27889
2.0712
2.06044
2.21397
2.17642
2.06397
2.06404
2.21392
2.19917
2.05194
2.05522
2.0767
2.06677
2.12189
2.05811
2.21385
2.10011
2.07909
2.05511
2.2138
2.18459
2.21375
2.1058
2.05288
2.12209
2.04919
2.07799
2.08043
2.2093
2.11625
2.05633
2.09184
2.15396
2.07428
2.27849
2.05408
2.13322
2.1
2.06626
2.11621
2.07795
2.07115
2.07613
2.06291
2.06988
2.08626
2.09023
2.0642
2.07504
2.07432
2.08232
2.21355
2.10004
2.0966
2.04948
2.10017
2.06408
2.08091
2.15088
2.05691
2.13491
2.066
2.15196
2.05879
2.0849
2.04914
2.27827
2.12959
2.12261
2.05642
2.18066
2.12775
2.04636
2.07683
2.07173
2.21335
2.0695
2.18569
2.06421
2.07964
2.06666
2.09467
2.07661
2.27808
2.1301
2.06177
2.05291
2.08253
2.07868
2.08252
2.07531
2.08662
2.17995
2.10045
2.08879
2.27796
2.0659
2.0631
2.0742
2.12214
2.07913
2.06096
2.07489
2.0742
2.07535
2.07167
2.11338
2.06312
2.16788
2.08506
2.08561
2.08252
2.05281
2.27784
2.09967
2.08263
2.21304
2.10872
2.0543
2.07907
2.11999
2.0584
2.07638
2.11836
2.04906
2.15597
2.07876
2.10403
2.21295
2.10349
2.18971
2.05022
2.07021
2.15799
2.21287
2.10652
2.10537
2.18028
2.05291
2.27753
2.20383
2.07474
2.07266
2.09637
2.08334
2.16761
2.08812
2.08573
2.21269
2.11597
2.04852
2.27737
2.21262
2.11102
2.04888
2.13419
2.07235
2.07651
2.21257
2.07043
2.06153
2.08348
2.21203
2.05235
2.07763
2.12869
2.10653
2.21248
2.09536
2.14123
2.15022
2.05723
2.15021
2.06039
2.07534
2.21239
2.13156
2.06471
2.05401
2.12014
2.0502
2.12143
2.05476
2.07149
2.07295
2.27702
2.14402
2.06613
2.0651
2.21227
2.06183
2.12933
2.27691
2.05211
2.08403
2.1478
2.06918
2.22765
2.07444
2.14192
2.12851
2.06761
2.21212
2.15342
2.06776
2.06864
2.07885
2.09783
2.13016
2.05584
2.21205
2.21486
2.04849
2.09495
2.17893
2.05979
2.0815
2.05958
2.07183
2.2766
2.06665
2.0778
2.0958
2.27654
2.09981
2.05557
2.07985
2.10385
2.08054
2.07296
2.07638
2.27647
2.11389
2.09921
2.09666
2.04664
2.14984
2.06859
2.05483
2.06612
2.0763
2.21178
2.06492
2.22721
2.14161
2.05235
2.07143
2.07199
2.2117
2.0712
2.0521
2.08651
2.1712
2.05077
2.08139
2.1128
2.07831
2.0648
2.06608
2.15059
2.08581
2.15185
2.05571
2.07857
2.07062
2.06645
2.05909
2.06953
2.12074
2.10164
2.05613
2.07157
2.06516
2.07622
2.07889
2.10517
2.09626
2.06963
2.08762
2.22278
2.04852
2.08829
2.06732
2.13216
2.09492
2.09005
2.06833
2.14945
2.10265
2.05463
2.10548
2.27602
2.05139
2.14941
2.05312
2.17935
2.05912
2.11068
2.07628
2.15041
2.103
2.06578
2.11624
2.06014
2.13367
2.0583
2.10654
2.05473
2.07617
2.07121
2.21133
2.18108
2.15599
2.05131
2.0488
2.15496
2.07129
2.07134
2.07719
2.06615
2.12801
2.05034
2.22665
2.13729
2.06547
2.21119
2.06198
2.13035
2.05957
2.08325
2.11501
2.27564
2.06409
2.07693
2.11315
2.27558
2.09209
2.05631
2.14933
2.05515
2.09569
2.06426
2.07129
2.21102
2.11256
2.06441
2.06749
2.21535
2.11543
2.2497
2.08173
2.179
2.08124
2.21065
2.0501
2.06933
2.07627
2.21061
2.04954
2.07713
2.11239
2.07406
2.16632
2.09303
2.05138
2.27524
2.12683
2.11368
2.059
2.17889
2.06047
2.17887
2.05553
2.07122
2.07678
2.15664
2.06492
2.10526
2.21072
2.05126
2.21068
2.20219
2.05895
2.08321
2.10227
2.05909
2.08137
2.20387
2.14703
2.08506
2.0487
2.27495
2.20022
2.05066
2.09023
2.27487
2.07514
2.07651
2.10531
2.27481
2.0515
2.27476
2.09245
2.08794
2.068
2.08696
2.2104
2.07249
2.07378
2.07813
2.105
2.15107
2.13005
2.06449
2.06977
2.07881
2.11596
2.08333
2.07114
2.2746
2.11812
2.08683
2.0669
2.21006
2.05546
2.07124
2.11859
2.05789
2.07084
2.13777
2.05952
2.07362
2.21021
2.06668
2.05386
2.0755
2.27444
2.06634
2.10087
2.21013
2.06593
2.2101
2.14013
2.07469
2.09512
2.05532
2.2743
2.07118
2.06117
2.05992
2.10467
2.07444
2.09653
2.06425
2.27423
2.07558
2.07779
2.11845
2.11465
2.06852
2.15083
2.06471
2.07872
2.06451
2.15615
2.06241
2.08524
2.20991
2.05723
2.07318
2.27408
2.09012
2.07135
2.06961
2.07627
2.14633
2.07519
2.11685
2.05292
2.13133
2.04841
2.07084
2.09477
2.27397
2.17757
2.08376
2.05945
2.07456
2.07269
2.13018
2.06219
2.08087
2.06709
2.21416
2.12048
2.07239
2.17811
2.07782
2.14109
2.06969
2.07256
2.10453
2.06006
2.07318
2.07852
2.10829
2.05135
2.08507
2.10333
2.20961
2.11491
2.20957
2.10532
2.05033
2.10444
2.06158
2.178
2.04713
2.07673
2.20951
2.11764
2.0591
2.22489
2.09519
2.08897
2.11817
2.2207
2.05115
2.07565
2.07194
2.06033
2.05976
2.09124
2.08978
2.06291
2.06635
2.07443
2.11301
2.05776
2.06118
2.09557
2.11072
2.06739
2.06572
2.08804
2.17933
2.05638
2.12565
2.09931
2.14816
2.0913
2.09793
2.08363
2.08664
2.10448
2.04702
2.07438
2.11167
2.08975
2.06409
2.08368
2.07624
2.27336
2.12646
2.06645
2.06189
2.07546
2.1269
2.04678
2.07077
2.10102
2.09401
2.05611
2.17772
2.06857
2.12517
2.11404
2.09323
2.1512
2.06
2.10548
2.08468
2.13087
2.0584
2.07315
2.0876
2.0752
2.0783
2.08027
2.05884
2.20907
2.16815
2.0494
2.27311
2.209
2.08884
2.06348
2.11575
2.06985
2.20894
2.09985
2.06217
2.07686
2.12674
2.05167
2.08954
2.10415
2.07751
2.0991
2.10277
2.05985
2.13245
2.06408
2.20884
2.20883
2.07635
2.20879
2.07655
2.06435
2.17744
2.05186
2.11818
2.12828
2.13439
2.0583
2.08372
2.10449
2.04992
2.2087
2.27274
2.05067
2.12247
2.07099
2.27268
2.08454
2.09927
2.06374
2.07157
2.07593
2.09896
2.20859
2.15497
2.10798
2.07718
2.07827
2.13503
2.05494
2.0706
2.07334
2.09951
2.05853
2.08461
2.06132
2.07067
2.07621
2.06003
2.06931
2.07638
2.05839
2.07764
2.06254
2.12378
2.20848
2.10986
2.11956
2.24684
2.04902
2.06268
2.06357
2.09346
2.08027
2.14985
2.05153
2.08725
2.05723
2.27237
2.15113
2.24669
2.10426
2.11407
2.05333
2.27226
2.08591
2.05112
2.20827
2.14909
2.13182
2.05999
2.08076
2.10337
2.05416
2.06353
2.08267
2.17832
2.08295
2.06333
2.27211
2.08608
2.15512
2.05232
2.17699
2.07246
2.05409
2.08223
2.08015
2.2081
2.05761
2.09754
2.05396
2.08488
2.07064
2.08951
2.06427
2.07496
2.06522
2.27196
2.06924
2.04769
2.07922
2.07161
2.2719
2.07282
2.05734
2.20797
2.07829
2.11416
2.27181
2.15281
2.05453
2.09827
2.0685
2.06509
2.09617
2.05096
2.09866
2.20786
2.09766
2.08003
2.06564
2.07325
2.27169
2.08985
2.04865
2.09783
2.16423
2.14429
2.0608
2.07534
2.08207
2.15272
2.05136
2.08943
2.20773
2.17221
2.08013
2.17669
2.05062
2.14416
2.14907
2.08011
2.07465
2.07809
2.07004
2.10672
2.04708
2.17664
2.05809
2.06234
2.07763
2.06879
2.10136
2.051
2.20759
2.18826
2.06013
2.0731
2.20754
2.17523
2.05862
2.10714
2.20749
2.05285
2.06582
2.07384
2.05969
2.07479
2.06508
2.17653
2.14598
2.0601
2.10085
2.0539
2.20741
2.10492
2.09466
2.19055
2.20735
2.20757
2.05054
2.16948
2.06027
2.2227
2.19044
2.05898
2.147
2.07887
2.1134
2.07666
2.06278
2.07449
2.27098
2.0502
2.09381
2.20718
2.04558
2.07899
2.06258
2.08414
2.11775
2.06239
2.06796
2.1439
2.06082
2.07518
2.08539
2.11103
2.05378
2.06352
2.07978
2.27085
2.10881
2.06889
2.09832
2.27079
2.10886
2.13535
2.05577
2.17623
2.10453
2.0941
2.05456
2.13147
2.06864
2.27067
2.20695
2.07672
2.20692
2.07622
2.17458
2.06488
2.08521
2.10568
2.07295
2.06493
2.13671
2.05079
2.27052
2.19003
2.08128
2.20678
2.10351
2.13471
2.21803
2.05252
2.17604
2.07225
2.05783
2.07881
2.07724
2.1295
2.05158
2.07965
2.0525
2.11283
2.05207
2.06978
2.12656
2.08871
2.07
2.0913
2.05389
2.10329
2.27028
2.05465
2.14662
2.05364
2.27022
2.16235
2.05171
2.27016
2.04734
2.08665
2.0947
2.05375
2.2065
2.08471
2.20647
2.17766
2.13071
2.06516
2.07915
2.20641
2.0858
2.10163
2.14652
2.16326
2.09466
2.05071
2.06994
2.07282
2.26993
2.17984
2.11612
2.04622
2.07912
2.06395
2.15183
2.06648
2.13508
2.16705
2.11167
2.06534
2.07686
2.10038
2.05383
2.06306
2.07
2.12534
2.0508
2.07217
2.11095
2.05062
2.17566
2.16851
2.04992
2.07607
2.1253
2.10547
2.05355
2.26969
2.2061
2.07402
2.047
2.13251
2.05066
2.26961
2.08512
2.17555
2.17384
2.04799
2.08153
2.1291
2.06854
2.18452
2.06115
2.12789
2.07562
2.22136
2.09356
2.07438
2.13592
2.05412
2.26941
2.11929
2.05289
2.08034
2.07621
2.07073
2.26935
2.18699
2.05696
2.11711
2.16988
2.11666
2.16753
2.05887
2.08783
2.04793
2.12914
2.05049
2.0723
2.20575
2.12816
2.14335
2.09709
2.04989
2.11675
2.10279
2.05542
2.20568
2.05799
2.11006
2.07659
2.20563
2.12172
2.11751
2.04983
2.13033
2.05539
2.06484
2.16654
2.06062
2.1106
2.086
2.0581
2.269
2.12731
2.05252
2.05531
2.08786
2.07647
2.20549
2.18814
2.05587
2.05069
2.07546
2.10016
2.11123
2.08725
2.16262
2.08701
2.04551
2.07551
2.06951
2.26884
2.08806
2.11302
2.08581
2.14424
2.06301
2.10693
2.1759
2.06865
2.16435
2.07237
2.07837
2.26871
2.12042
2.11504
2.09297
2.08192
2.20523
2.06523
2.05071
2.11654
2.05945
2.15316
2.04618
2.0835
2.1076
2.26857
2.07958
2.08007
2.07809
2.06318
2.07756
2.06196
2.05879
2.08347
2.11677
2.05695
2.06357
2.08442
2.06303
2.09388
2.14338
2.07809
2.07297
2.13831
2.04883
2.07575
2.07068
2.08227
2.1455
2.05268
2.07574
2.12473
2.0529
2.06033
2.07894
2.11389
2.08535
2.09377
2.06959
2.08461
2.12452
2.06311
2.14691
2.06715
2.08752
2.1174
2.05801
2.06436
2.26834
2.12466
2.07053
2.07962
2.05786
2.07374
2.06683
2.20492
2.09874
2.20488
2.11754
2.06729
2.12076
2.12461
2.22023
2.09162
2.26815
2.15904
2.05898
2.1161
2.05136
2.08452
2.0907
2.0802
2.26807
2.10672
2.0512
2.07172
2.07409
2.0643
2.26801
2.09977
2.04943
2.0695
2.08874
2.0695
2.17459
2.06997
2.06502
2.06445
2.07407
2.1452
2.06202
2.20461
2.05734
2.08592
2.16578
2.05489
2.0994
2.0517
2.08138
2.20455
2.05478
2.13166
2.09264
2.09891
2.05825
2.08698
2.07926
2.09901
2.20449
2.1486
2.17509
2.04482
2.17444
2.07643
2.08205
2.10001
2.08813
2.14118
2.05172
2.26767
2.08282
2.06942
2.06804
2.12334
2.07263
2.06176
2.20433
2.14945
2.20429
2.08142
2.08451
2.10367
2.08329
2.16179
2.06344
2.2675
2.0469
2.09719
2.2042
2.16882
2.08962
2.0905
2.05028
2.15049
2.16545
2.12159
2.09403
2.12012
2.08496
2.08675
2.05749
2.07641
2.06606
2.09713
2.09737
2.06599
2.05995
2.08035
2.20407
2.10187
2.09526
2.07868
