0.0760583 -0.917375 -0.924811
0.0760261 -0.917277 -0.924741
0.0760444 -0.917128 -0.924622
0.0760297 -0.917012 -0.924535
0.075965 -0.916944 -0.924495
0.0760052 -0.916772 -0.924353
0.0759662 -0.916678 -0.924288
0.0759285 -0.916582 -0.924221
0.0759534 -0.916423 -0.924093
0.0759539 -0.916289 -0.923989
0.0759269 -0.916181 -0.923911
0.0759229 -0.916049 -0.92381
0.0759742 -0.91586 -0.923654
0.0759382 -0.915761 -0.923584
0.0759231 -0.915638 -0.923493
0.0759322 -0.915491 -0.923378
0.0759061 -0.91538 -0.923297
0.0759427 -0.915203 -0.923155
0.0759157 -0.915091 -0.923073
0.075878 -0.91499 -0.923003
0.0759028 -0.914824 -0.92287
0.07582 -0.914766 -0.922843
0.0758529 -0.914591 -0.922702
0.075865 -0.914436 -0.92258
0.0758505 -0.914308 -0.922485
0.0758423 -0.914172 -0.922384
0.0758417 -0.914029 -0.922274
0.0758179 -0.913908 -0.922186
0.0758571 -0.913723 -0.922037
0.0758237 -0.913611 -0.921957
0.0757854 -0.913503 -0.921885
0.0757957 -0.913345 -0.921761
0.0757879 -0.913205 -0.921657
-0.924243 0.0869144 -0.921574
-0.924156 0.0868915 -0.921477
-0.924034 0.0869046 -0.921345
-0.923914 0.0869161 -0.921215
-0.923826 0.0868938 -0.921117
-0.92377 0.0868368 -0.921051
-0.923665 0.0868311 -0.920936
-0.923552 0.0868335 -0.920814
-0.923418 0.0868577 -0.920667
-0.923347 0.0868153 -0.920586
-0.92326 0.0867894 -0.92049
-0.923162 0.0867752 -0.920382
-0.923036 0.0867888 -0.920243
-0.922937 0.0867735 -0.920135
-0.922848 0.0867495 -0.920035
-0.922806 0.0866752 -0.919983
-0.922654 0.0867145 -0.919819
-0.922521 0.0867334 -0.919675
-0.922431 0.0867085 -0.919574
-0.922372 0.0866491 -0.919506
-0.922227 0.0866785 -0.919349
-0.922182 0.0866059 -0.919293
-0.922025 0.0866488 -0.919124
-0.92194 0.0866156 -0.919027
-0.921849 0.0865887 -0.918926
-0.921723 0.086598 -0.918788
-0.921626 0.0865766 -0.918679
-0.921513 0.0865706 -0.918555
-0.92137 0.0865954 -0.9184
-0.921289 0.0865564 -0.918307
-0.921172 0.0865533 -0.918178
-0.921089 0.0865169 -0.918083
-0.920983 0.0865012 -0.917966
-0.920842 -0.913482 0.0821874
-0.920695 -0.913305 0.0822165
-0.92064 -0.913218 0.0821509
-0.920489 -0.913036 0.0821818
-0.920443 -0.912958 0.0821066
-0.920315 -0.912798 0.082115
-0.920218 -0.912669 0.0820905
-0.920095 -0.912514 0.0820912
-0.919974 -0.912359 0.0820921
-0.919875 -0.912229 0.0820664
-0.919695 -0.912016 0.0821242
-0.919628 -0.911917 0.082067
-0.919546 -0.911801 0.0820257
-0.919423 -0.911644 0.0820248
-0.91932 -0.911508 0.082003
-0.919169 -0.911322 0.0820284
-0.919032 -0.91115 0.0820398
-0.918938 -0.911022 0.0820081
-0.918833 -0.910883 0.081987
-0.918651 -0.910665 0.0820405
-0.918552 -0.910533 0.0820106
-0.918492 -0.910435 0.0819452
-0.918379 -0.910287 0.0819299
-0.918228 -0.9101 0.0819505
-0.91809 -0.909926 0.0819605
-0.917998 -0.909797 0.0819217
-0.917917 -0.90968 0.0818724
-0.917749 -0.909475 0.0819091
-0.91764 -0.909328 0.0818864
-0.917507 -0.909157 0.0818868
-0.917401 -0.909013 0.0818628
-0.917279 -0.908853 0.0818513
-0.91714 -0.908675 0.081857
0.0829707 -0.908526 -0.918167
0.0829264 -0.908397 -0.91808
0.0829511 -0.908197 -0.917927
0.0829113 -0.908061 -0.917834
0.08288 -0.907914 -0.917732
0.0829228 -0.907695 -0.917558
0.0829405 -0.907498 -0.917409
0.0828608 -0.9074 -0.917354
0.0828429 -0.907238 -0.917239
0.0828576 -0.907042 -0.91709
0.0828786 -0.906839 -0.916935
0.0828756 -0.906659 -0.916802
0.0828485 -0.906503 -0.916694
0.082816 -0.906351 -0.916589
0.0827709 -0.906213 -0.916498
0.0827668 -0.906032 -0.916365
0.0827313 -0.905881 -0.916262
0.0827702 -0.905651 -0.916085
0.0827852 -0.905449 -0.915932
0.0827505 -0.905293 -0.915826
0.0827249 -0.905129 -0.915712
0.0827646 -0.904896 -0.915532
0.0826709 -0.9048 -0.915484
0.0826889 -0.904588 -0.915325
0.0826827 -0.904399 -0.915189
0.0826551 -0.904232 -0.915074
0.0826315 -0.90406 -0.914953
0.0826346 -0.903859 -0.914806
0.0826269 -0.903668 -0.91467
0.0826021 -0.903495 -0.914549
0.0826284 -0.903264 -0.914376
0.0825951 -0.903099 -0.914265
0.0825937 -0.902897 -0.914119
-0.917411 0.097305 -0.913975
-0.917298 0.0972757 -0.913847
-0.917192 0.0972367 -0.913727
-0.917093 0.0971896 -0.913613
-0.916937 0.0972033 -0.913441
-0.916747 0.0972523 -0.913235
-0.916682 0.0971687 -0.913155
-0.916561 0.0971431 -0.913019
-0.916419 0.0971389 -0.912862
-0.91631 0.0971001 -0.912736
-0.91621 0.0970504 -0.912621
-0.916079 0.0970332 -0.912474
-0.915938 0.0970271 -0.912316
-0.915773 0.0970465 -0.912135
-0.915636 0.0970317 -0.911982
-0.915515 0.0970032 -0.911845
-0.915401 0.0969646 -0.911714
-0.915229 0.0969857 -0.911525
-0.91512 0.0969445 -0.911398
-0.91501 0.0968997 -0.911273
-0.914899 0.0968575 -0.911144
-0.914726 0.0968788 -0.910954
-0.914621 0.0968277 -0.910832
-0.91446 0.0968331 -0.910654
-0.914301 0.0968405 -0.910476
-0.914188 0.096794 -0.910346
-0.914074 0.0967517 -0.910215
-0.913899 0.0967703 -0.91002
-0.913809 0.0967021 -0.909914
-0.913647 0.0967067 -0.909733
-0.913525 0.0966686 -0.909593
-0.91339 0.0966441 -0.909439
-0.913228 0.0966473 -0.909258
-0.913052 -0.903341 0.0909368
-0.912919 -0.90316 0.0909116
-0.91277 -0.902964 0.0909046
-0.912645 -0.902788 0.0908707
-0.912499 -0.902593 0.0908566
-0.912341 -0.902384 0.0908555
-0.912199 -0.902192 0.0908365
-0.912083 -0.902023 0.0907923
-0.911862 -0.90175 0.0908531
-0.911805 -0.901642 0.0907463
-0.911617 -0.901401 0.0907709
-0.911527 -0.901259 0.0906967
-0.91128 -0.900959 0.0907795
-0.911187 -0.900812 0.0907072
-0.911073 -0.900643 0.0906555
-0.910951 -0.900466 0.0906115
-0.910771 -0.90023 0.0906246
-0.910569 -0.899974 0.0906569
-0.910453 -0.8998 0.0906061
-0.910275 -0.899567 0.0906136
-0.91014 -0.899375 0.0905794
-0.909988 -0.899165 0.0905607
-0.90984 -0.898958 0.0905385
-0.909656 -0.898716 0.0905492
-0.909447 -0.898448 0.0905836
-0.909344 -0.898284 0.0905143
-0.90918 -0.898061 0.0905023
-0.909019 -0.897839 0.0904882
-0.908834 -0.897594 0.0904969
-0.908698 -0.897395 0.0904569
-0.908524 -0.897159 0.0904532
-0.908361 -0.896932 0.0904375
-0.908212 -0.89672 0.0904058
0.0919772 -0.896466 -0.909585
0.0919344 -0.896264 -0.909453
0.0919049 -0.896044 -0.909306
0.0919081 -0.895792 -0.90913
0.0919223 -0.895526 -0.908939
0.0918402 -0.895355 -0.908841
0.0918741 -0.895068 -0.908631
0.0918145 -0.894873 -0.90851
0.0917935 -0.894639 -0.908353
0.0917913 -0.894381 -0.908173
0.0917679 -0.894144 -0.908016
0.0917717 -0.893879 -0.90783
0.0917438 -0.893645 -0.907676
0.0917189 -0.893405 -0.907517
0.0916875 -0.893171 -0.907362
0.0916721 -0.892919 -0.907193
0.0916915 -0.892628 -0.906986
0.0916109 -0.89244 -0.90688
0.0916084 -0.892171 -0.906695
0.0916054 -0.891899 -0.90651
0.0915974 -0.891632 -0.906327
0.0915845 -0.891365 -0.906149
0.0916144 -0.891054 -0.905928
0.0915299 -0.89086 -0.905819
0.0915282 -0.890579 -0.905628
0.0915333 -0.890288 -0.905429
0.0915496 -0.889983 -0.905216
0.0914459 -0.889804 -0.905124
0.0914609 -0.889496 -0.904912
0.0914488 -0.889216 -0.904726
0.0914739 -0.888896 -0.904502
0.091431 -0.888643 -0.904345
0.0914166 -0.888361 -0.904159
-0.908594 0.111935 -0.903966
-0.90839 0.111944 -0.903738
-0.908324 0.111802 -0.90365
-0.908066 0.111869 -0.903365
-0.908007 0.111717 -0.903283
-0.907773 0.111758 -0.903022
-0.90759 0.111738 -0.902814
-0.907451 0.111671 -0.902652
-0.907261 0.111661 -0.902434
-0.907118 0.111595 -0.902265
-0.906936 0.111573 -0.902059
-0.906812 0.111487 -0.901909
-0.90658 0.111515 -0.901651
-0.906433 0.111451 -0.901477
-0.906301 0.111374 -0.901318
-0.906043 0.111428 -0.901031
-0.905956 0.111297 -0.90092
-0.905754 0.111291 -0.900688
-0.905523 0.111311 -0.90043
-0.905357 0.111263 -0.900236
-0.905183 0.111224 -0.900033
-0.905024 0.111166 -0.899844
-0.904805 0.111171 -0.899598
-0.904699 0.111055 -0.899464
-0.904449 0.111092 -0.899181
-0.904309 0.11101 -0.899013
-0.904135 0.110964 -0.89881
-0.903953 0.110925 -0.898599
-0.903702 0.110956 -0.898314
-0.903583 0.110851 -0.898167
-0.903326 0.110887 -0.897876
-0.903162 0.110824 -0.897684
-0.902971 0.11079 -0.89746
-0.902774 -0.889243 0.102769
-0.902567 -0.888953 0.102757
-0.902411 -0.888713 0.10269
-0.902201 -0.888416 0.102682
-0.901936 -0.888063 0.102727
-0.901751 -0.887793 0.102686
-0.901598 -0.887548 0.102615
-0.901339 -0.887204 0.102648
-0.90115 -0.886922 0.102613
-0.901019 -0.886702 0.102513
-0.900802 -0.886392 0.102503
-0.90055 -0.886046 0.102523
-0.90037 -0.885773 0.102473
-0.900191 -0.885498 0.102422
-0.899944 -0.885155 0.102434
-0.899642 -0.884756 0.102503
-0.899479 -0.884496 0.102429
-0.899312 -0.88423 0.102359
-0.899055 -0.883872 0.102377
-0.898906 -0.883623 0.102287
-0.898681 -0.883295 0.102272
-0.898438 -0.882948 0.102273
-0.898227 -0.882632 0.10224
-0.898007 -0.882308 0.102215
-0.897776 -0.881969 0.102199
-0.897599 -0.881685 0.102131
-0.897379 -0.881356 0.102102
-0.897118 -0.880982 0.102115
-0.896942 -0.880697 0.102039
-0.896661 -0.880303 0.102065
-0.896469 -0.879998 0.102004
-0.896274 -0.879685 0.101947
-0.89598 -0.879275 0.101982
0.104178 -0.879 -0.898115
0.104218 -0.878577 -0.89783
0.104149 -0.878263 -0.897649
0.104156 -0.877868 -0.897393
0.104119 -0.877515 -0.897177
0.104119 -0.877125 -0.896927
0.104036 -0.876813 -0.896753
0.104041 -0.876408 -0.896494
0.104041 -0.876004 -0.896236
0.103985 -0.875658 -0.896035
0.103917 -0.87532 -0.895842
0.103922 -0.874903 -0.895577
0.103929 -0.87448 -0.895307
0.10386 -0.874134 -0.895112
0.103861 -0.87371 -0.894845
0.103783 -0.873368 -0.894655
0.103807 -0.872913 -0.894362
0.103725 -0.872568 -0.894174
0.103747 -0.872109 -0.893881
0.103719 -0.871702 -0.893638
0.103729 -0.871247 -0.893351
0.103675 -0.870856 -0.893131
0.103616 -0.87047 -0.89291
0.10364 -0.869992 -0.892609
0.103583 -0.869594 -0.892384
0.103547 -0.869172 -0.892137
0.103532 -0.868722 -0.891868
0.103504 -0.868281 -0.891609
0.103462 -0.867855 -0.891363
0.103463 -0.867373 -0.891073
0.103429 -0.866928 -0.890816
0.103402 -0.866473 -0.89055
0.103341 -0.866049 -0.890317
-0.896693 0.134414 -0.890053
-0.896464 0.134341 -0.889782
-0.896197 0.134312 -0.889469
-0.895978 0.134224 -0.889208
-0.895694 0.134209 -0.888878
-0.895506 0.134083 -0.888647
-0.895287 0.133993 -0.888383
-0.895048 0.133922 -0.888097
-0.894807 0.133851 -0.887811
-0.894561 0.133788 -0.887516
-0.894357 0.133674 -0.887268
-0.89406 0.133659 -0.886921
-0.893839 0.133563 -0.886652
-0.893565 0.133523 -0.886328
-0.89333 0.133436 -0.886045
-0.893089 0.133355 -0.885755
-0.892811 0.133315 -0.885424
-0.892587 0.133211 -0.88515
-0.89232 0.133155 -0.884833
-0.892061 0.133087 -0.884522
-0.891755 0.133069 -0.88416
-0.891514 0.132978 -0.883866
-0.891307 0.132849 -0.883608
-0.890962 0.132865 -0.883203
-0.890723 0.132769 -0.88291
-0.890419 0.132739 -0.882551
-0.890203 0.132614 -0.882279
-0.890012 0.132461 -0.882035
-0.889645 0.132491 -0.881608
-0.889324 0.132472 -0.881224
-0.889152 0.132293 -0.880998
-0.888804 0.132297 -0.880589
-0.888541 0.132214 -0.880263
-0.888203 -0.867811 0.120136
-0.887998 -0.867438 0.120008
-0.887589 -0.866863 0.12009
-0.887408 -0.866513 0.119932
-0.887119 -0.866054 0.119882
-0.886778 -0.865538 0.119886
-0.886445 -0.865029 0.119876
-0.886213 -0.86462 0.119767
-0.885854 -0.86408 0.11978
-0.885668 -0.86371 0.11962
-0.885329 -0.863188 0.119607
-0.884903 -0.862572 0.119684
-0.884718 -0.862198 0.119513
-0.884378 -0.861665 0.119498
-0.884079 -0.86117 0.119438
-0.883762 -0.860654 0.119394
-0.883443 -0.860134 0.119355
-0.883047 -0.859532 0.119382
-0.882818 -0.859097 0.119248
-0.882483 -0.858555 0.119209
-0.882073 -0.857928 0.119248
-0.881878 -0.857523 0.119072
-0.881525 -0.856948 0.119048
-0.881226 -0.856428 0.118969
-0.880816 -0.855791 0.118993
-0.880547 -0.855296 0.118881
-0.880178 -0.854694 0.11886
-0.879888 -0.854171 0.118764
-0.879402 -0.853444 0.118854
-0.879112 -0.852911 0.11875
-0.878718 -0.852272 0.118743
-0.878414 -0.851719 0.118651
-0.878059 -0.851109 0.118603
0.122303 -0.850487 -0.881441
0.122248 -0.849872 -0.881111
0.122266 -0.849167 -0.880707
0.12214 -0.848608 -0.880444
0.122087 -0.847963 -0.880104
0.122033 -0.847317 -0.879761
0.122009 -0.846628 -0.879393
0.121956 -0.845962 -0.879041
0.121844 -0.845349 -0.878748
0.121811 -0.844646 -0.878376
0.12176 -0.843955 -0.878019
0.121768 -0.843194 -0.877601
0.121758 -0.842444 -0.8772
0.121663 -0.841776 -0.876875
0.121631 -0.841029 -0.876486
0.121544 -0.840337 -0.876152
0.121492 -0.839597 -0.875776
0.121392 -0.838897 -0.875444
0.121397 -0.838079 -0.875011
0.121387 -0.837263 -0.874584
0.121259 -0.836568 -0.874274
0.121182 -0.835808 -0.873909
0.121218 -0.834915 -0.873428
0.121121 -0.834155 -0.873079
0.121015 -0.833398 -0.872735
0.121032 -0.832492 -0.872261
0.120992 -0.831642 -0.871844
0.120912 -0.830822 -0.871462
0.120851 -0.829969 -0.871055
0.120843 -0.829047 -0.870593
0.120878 -0.828063 -0.870087
0.12075 -0.827256 -0.86974
0.120662 -0.826387 -0.869348
-0.879373 0.174563 -0.868898
-0.878993 0.174403 -0.868426
-0.878613 0.174237 -0.867957
-0.878236 0.174068 -0.867485
-0.877963 0.173771 -0.867124
-0.877529 0.173657 -0.866594
-0.877239 0.173378 -0.866212
-0.876799 0.17327 -0.865672
-0.876386 0.173124 -0.865159
-0.876117 0.172813 -0.864795
-0.87572 0.172648 -0.864296
-0.875352 0.172447 -0.863827
-0.874914 0.172317 -0.863283
-0.87463 0.172016 -0.862896
-0.874217 0.171854 -0.862377
-0.873761 0.171736 -0.861811
-0.873416 0.171493 -0.861357
-0.872995 0.171332 -0.860823
-0.872632 0.171102 -0.86035
-0.872163 0.170992 -0.859761
-0.871762 0.170797 -0.859248
-0.871299 0.17067 -0.858665
-0.870951 0.170416 -0.858196
-0.870514 0.170248 -0.857639
-0.870007 0.170158 -0.857005
-0.869737 0.169806 -0.856617
-0.869181 0.169764 -0.855927
-0.868796 0.169531 -0.855413
-0.868354 0.169357 -0.854842
-0.867867 0.169227 -0.854219
-0.86738 0.169089 -0.853598
-0.867022 0.168811 -0.853106
-0.866591 0.168616 -0.852534
-0.866014 -0.831453 0.148188
-0.865535 -0.830583 0.148099
-0.865141 -0.82979 0.147914
-0.864554 -0.828802 0.147925
-0.864224 -0.828056 0.147663
-0.863721 -0.827133 0.147582
-0.863059 -0.826044 0.147656
-0.862706 -0.825262 0.147407
-0.862179 -0.824288 0.147335
-0.861725 -0.823383 0.147183
-0.861121 -0.822319 0.147174
-0.860666 -0.821399 0.147016
-0.860261 -0.820516 0.1468
-0.859563 -0.819334 0.146876
-0.859036 -0.818305 0.146772
-0.858587 -0.817353 0.146588
-0.858137 -0.816387 0.146397
-0.857513 -0.815238 0.146372
-0.856883 -0.814069 0.146351
-0.856272 -0.812914 0.1463
-0.855783 -0.811867 0.146135
-0.855286 -0.810805 0.145964
-0.854712 -0.809648 0.145867
-0.853963 -0.808314 0.145925
-0.853494 -0.807238 0.145718
-0.852899 -0.806023 0.145623
-0.852445 -0.80494 0.145387
-0.851704 -0.803555 0.145416
-0.851104 -0.802301 0.145309
-0.850368 -0.800886 0.145324
-0.849869 -0.799708 0.145107
-0.84908 -0.798219 0.145155
-0.848579 -0.797007 0.144929
0.152027 -0.795666 -0.855209
0.151898 -0.794275 -0.854645
0.151696 -0.792943 -0.854144
0.151706 -0.791364 -0.853442
0.151576 -0.789905 -0.852861
0.151435 -0.788434 -0.852288
0.151337 -0.786885 -0.851663
0.151175 -0.785382 -0.8511
0.151106 -0.783752 -0.850437
0.151025 -0.78211 -0.84978
0.150864 -0.78051 -0.849195
0.150767 -0.778826 -0.848537
0.150614 -0.777162 -0.847925
0.150548 -0.775372 -0.847225
0.150375 -0.773676 -0.846627
0.150241 -0.771897 -0.845979
0.150177 -0.770012 -0.845254
0.150028 -0.768177 -0.844607
0.149923 -0.766261 -0.843909
0.149872 -0.764246 -0.843152
0.14972 -0.762302 -0.842478
0.149739 -0.760132 -0.841632
0.149561 -0.758144 -0.840977
0.149449 -0.756029 -0.840242
0.149321 -0.753898 -0.839515
0.149305 -0.751596 -0.838669
0.149062 -0.749498 -0.838043
0.14909 -0.747047 -0.837129
0.148866 -0.74483 -0.836467
0.148729 -0.742471 -0.835703
0.148677 -0.739965 -0.834851
0.148552 -0.737477 -0.834053
0.148442 -0.734919 -0.833236
-0.851678 0.267693 -0.832414
-0.851037 0.266764 -0.831536
-0.850453 0.26577 -0.830722
-0.849769 0.264899 -0.829788
-0.849093 0.264031 -0.828862
-0.848522 0.26302 -0.828051
-0.847891 0.262104 -0.827162
-0.847223 0.261225 -0.826235
-0.846559 0.260352 -0.825305
-0.845826 0.259542 -0.824299
-0.845207 0.258616 -0.823407
-0.844518 0.25777 -0.822437
-0.843808 0.256949 -0.821436
-0.843191 0.256019 -0.820533
-0.842465 0.255216 -0.819507
-0.841583 0.254591 -0.818315
-0.840955 0.25368 -0.817375
-0.840286 0.252806 -0.816392
-0.83949 0.252085 -0.815268
-0.83872 0.251322 -0.81417
-0.838044 0.250462 -0.813157
-0.837209 0.249774 -0.811969
-0.836397 0.249055 -0.810808
-0.835536 0.248378 -0.80958
-0.834927 0.247444 -0.808616
-0.834015 0.246818 -0.807322
-0.833243 0.246057 -0.806168
-0.832408 0.245347 -0.80494
-0.831399 0.244823 -0.803517
-0.830613 0.244043 -0.802322
-0.829835 0.243268 -0.801131
-0.828799 0.242747 -0.799656
-0.827987 0.24199 -0.798406
-0.827088 -0.758703 0.202935
-0.826101 -0.756535 0.202666
-0.825227 -0.754444 0.20227
-0.824304 -0.752266 0.201906
-0.823283 -0.749964 0.201647
-0.822304 -0.747671 0.201311
-0.821407 -0.745426 0.200885
-0.820333 -0.742965 0.200623
-0.819394 -0.740605 0.200226
-0.8183 -0.738053 0.199969
-0.81729 -0.735534 0.199613
-0.816264 -0.732958 0.199258
-0.815187 -0.730292 0.19894
-0.814088 -0.727562 0.19863
-0.813091 -0.724879 0.198204
-0.811907 -0.72197 0.19795
-0.810703 -0.718989 0.197705
-0.809581 -0.71604 0.197352
-0.808434 -0.713012 0.197017
-0.80714 -0.709791 0.196802
-0.806014 -0.706654 0.196418
-0.804749 -0.703352 0.196147
-0.80362 -0.7001 0.19573
-0.802325 -0.696642 0.195449
-0.801031 -0.693105 0.195156
-0.799605 -0.689386 0.194962
-0.798321 -0.685706 0.19462
-0.79708 -0.682012 0.194215
-0.795587 -0.678012 0.194029
-0.794276 -0.674092 0.193657
-0.792802 -0.669951 0.193403
-0.791307 -0.665697 0.193154
-0.789707 -0.661269 0.192989
0.211598 -0.65702 -0.807478
0.211125 -0.65253 -0.806327
0.210755 -0.647842 -0.805075
0.210357 -0.643061 -0.803829
0.209931 -0.638162 -0.802596
0.209476 -0.633181 -0.801363
0.209159 -0.62795 -0.799987
0.208853 -0.622563 -0.798587
0.208325 -0.617247 -0.797364
0.208052 -0.611585 -0.795894
0.207623 -0.605881 -0.794534
0.20727 -0.599992 -0.793098
0.207001 -0.593892 -0.791547
0.206538 -0.587781 -0.790168
0.206052 -0.581552 -0.788783
0.205718 -0.575038 -0.787224
0.205409 -0.568352 -0.78562
0.20501 -0.561579 -0.784081
0.204681 -0.554623 -0.782441
0.204257 -0.547545 -0.78087
0.203883 -0.540288 -0.779221
0.203576 -0.532835 -0.777477
0.203188 -0.525267 -0.775788
0.20292 -0.517491 -0.77394
0.202603 -0.509619 -0.772114
0.202291 -0.501592 -0.770245
0.201883 -0.493466 -0.768445
0.201552 -0.485177 -0.766533
0.201154 -0.476804 -0.764657
0.200773 -0.468287 -0.762726
0.200575 -0.459582 -0.760559
0.200141 -0.45092 -0.758608
0.199909 -0.442086 -0.7564
-0.800568 0.566819 -0.754405
-0.79907 0.555623 -0.752019
-0.797878 0.544839 -0.749947
-0.796429 0.534774 -0.747568
-0.794958 0.525192 -0.745136
-0.793614 0.516025 -0.742823
-0.792183 0.507342 -0.740388
-0.79078 0.499013 -0.737965
-0.789206 0.491228 -0.735308
-0.787702 0.483709 -0.73272
-0.786227 0.476483 -0.730133
-0.784707 0.46959 -0.727459
-0.78313 0.463032 -0.724684
-0.781464 0.456793 -0.721776
-0.779825 0.450783 -0.718874
-0.778059 0.445081 -0.715792
-0.776341 0.439528 -0.712735
-0.774567 0.434236 -0.70956
-0.772785 0.429147 -0.706369
-0.771056 0.424124 -0.703179
-0.769138 0.419449 -0.699728
-0.76742 0.414726 -0.696474
-0.765403 0.410369 -0.692844
-0.763312 0.406215 -0.689076
-0.761453 0.401972 -0.685521
-0.75937 0.39804 -0.681674
-0.757232 0.394196 -0.677697
-0.755056 0.390517 -0.673635
-0.752895 0.386897 -0.669564
-0.750723 0.383349 -0.665379
-0.748428 0.379973 -0.661036
-0.746146 0.376643 -0.656635
-0.74381 0.373425 -0.652112
-0.741371 -0.629726 0.352595
-0.738764 -0.624377 0.350183
-0.736352 -0.619055 0.347562
-0.733675 -0.613461 0.345234
-0.731237 -0.607921 0.342623
-0.728508 -0.602079 0.340338
-0.725655 -0.59604 0.338174
-0.722738 -0.589894 0.336042
-0.719904 -0.583631 0.333809
-0.716857 -0.577157 0.331794
-0.713778 -0.570551 0.329772
-0.710689 -0.563826 0.327728
-0.707635 -0.556996 0.325605
-0.704362 -0.549944 0.323694
-0.700967 -0.542706 0.32185
-0.697641 -0.535392 0.319911
-0.694095 -0.527844 0.318113
-0.69055 -0.520189 0.316288
-0.686719 -0.512319 0.314664
-0.683147 -0.504442 0.312769
-0.679273 -0.496332 0.311081
-0.67524 -0.488065 0.309483
-0.671183 -0.479697 0.307867
-0.667013 -0.471206 0.306258
-0.662811 -0.462663 0.304607
-0.658298 -0.453948 0.303173
-0.653733 -0.445118 0.301717
-0.649169 -0.436308 0.300181
-0.644356 -0.427365 0.298783
-0.639479 -0.418394 0.297356
-0.634425 -0.409398 0.295982
-0.629262 -0.400398 0.294619
-0.624214 -0.391375 0.293103
0.381266 -0.382317 -0.708165
0.377848 -0.373361 -0.704987
0.374522 -0.364384 -0.701739
0.371602 -0.355513 -0.698147
0.368243 -0.346668 -0.694915
0.365351 -0.337889 -0.691259
0.362662 -0.329286 -0.687419
0.359822 -0.320752 -0.683704
0.356986 -0.31232 -0.679923
0.354327 -0.304035 -0.675962
0.351818 -0.295951 -0.671828
0.349426 -0.288074 -0.667544
0.34674 -0.280193 -0.663478
0.34428 -0.27256 -0.65913
0.341958 -0.265134 -0.654616
0.339723 -0.257889 -0.649935
0.337476 -0.250847 -0.645206
0.335171 -0.243924 -0.640467
0.333088 -0.237308 -0.635436
0.331015 -0.230759 -0.630284
0.328848 -0.224445 -0.625163
0.32692 -0.218363 -0.619696
0.32495 -0.212443 -0.614193
0.323104 -0.206826 -0.608441
0.321173 -0.20128 -0.602665
0.319325 -0.1959 -0.596731
0.317416 -0.190629 -0.590733
0.315684 -0.185688 -0.584443
0.313964 -0.180923 -0.577978
0.312172 -0.176136 -0.571531
0.310512 -0.171695 -0.564782
0.308999 -0.167501 -0.557792
0.307273 -0.163106 -0.550861
-0.694349 0.841138 -0.543679
-0.690602 0.820974 -0.53617
-0.687001 0.800579 -0.528742
-0.683186 0.780078 -0.521035
-0.679284 0.759632 -0.513184
-0.67553 0.739681 -0.505463
-0.67116 0.719996 -0.49707
-0.667207 0.70121 -0.489064
-0.662975 0.683095 -0.480756
-0.658533 0.665761 -0.472259
-0.653994 0.649267 -0.463633
-0.649408 0.633612 -0.454986
-0.644527 0.618799 -0.446141
-0.639833 0.604682 -0.437407
-0.634893 0.591375 -0.428539
-0.629712 0.578743 -0.419523
-0.624397 0.566838 -0.410467
-0.619049 0.555543 -0.401559
-0.61345 0.544857 -0.392378
-0.607662 0.53477 -0.383282
-0.601971 0.525095 -0.374413
-0.596006 0.515972 -0.365433
-0.589813 0.507312 -0.356481
-0.583374 0.499147 -0.347538
-0.577207 0.491123 -0.338984
-0.570658 0.483606 -0.330314
-0.563638 0.476564 -0.32158
-0.556777 0.469684 -0.313174
-0.549803 0.463118 -0.304939
-0.542578 0.456847 -0.296828
-0.53512 0.45089 -0.288842
-0.527776 0.445022 -0.28109
-0.520076 0.439482 -0.273436
-0.512154 -0.56586 0.734027
-0.504227 -0.559023 0.714733
-0.496035 -0.551954 0.696163
-0.487932 -0.544853 0.678156
-0.479378 -0.537485 0.661201
-0.470962 -0.530023 0.644867
-0.462186 -0.522334 0.629613
-0.453689 -0.514612 0.614875
-0.445062 -0.506746 0.60089
-0.436007 -0.49864 0.58795
-0.427321 -0.490493 0.57537
-0.418243 -0.482119 0.563707
-0.408974 -0.473612 0.552751
-0.400123 -0.46511 0.542111
-0.391131 -0.456461 0.532115
-0.382349 -0.447759 0.522449
-0.373056 -0.438834 0.513696
-0.36411 -0.429941 0.505091
-0.355371 -0.42101 0.496843
-0.346535 -0.412019 0.489024
-0.337657 -0.403034 0.481759
-0.329224 -0.394006 0.474478
-0.320496 -0.384974 0.467934
-0.312235 -0.375939 0.461299
-0.303649 -0.367005 0.455341
-0.295806 -0.358058 0.449203
-0.287615 -0.349222 0.443685
-0.279681 -0.340513 0.438317
-0.272568 -0.331799 0.432773
-0.264958 -0.323249 0.42777
-0.257714 -0.31479 0.422907
-0.250737 -0.306498 0.41814
-0.243936 -0.298297 0.413593
0.762655 -0.290289 -0.590885
0.742546 -0.282449 -0.584572
0.722954 -0.274779 -0.578154
0.704086 -0.267295 -0.571509
0.68594 -0.26007 -0.564745
0.668363 -0.252924 -0.557995
0.651703 -0.245906 -0.550938
0.63578 -0.239066 -0.543883
0.620753 -0.23253 -0.536541
0.606679 -0.226275 -0.528969
0.593276 -0.220126 -0.52129
0.580734 -0.214226 -0.513357
0.568528 -0.208333 -0.505578
0.557171 -0.202786 -0.497448
0.546519 -0.197489 -0.489114
0.536257 -0.192224 -0.480828
0.526568 -0.187163 -0.472342
0.517432 -0.182353 -0.463723
0.508635 -0.177612 -0.45506
0.500177 -0.172978 -0.446426
0.492193 -0.168526 -0.437594
0.485017 -0.164616 -0.428381
0.477574 -0.160293 -0.41959
0.470826 -0.156561 -0.410558
0.464048 -0.152562 -0.401623
0.457823 -0.14901 -0.392513
0.451559 -0.145244 -0.383693
0.445858 -0.141939 -0.374625
0.44025 -0.138573 -0.365647
0.435046 -0.135615 -0.356616
0.429798 -0.132441 -0.347832
0.424804 -0.129403 -0.33916
0.419959 -0.126451 -0.330577
-0.584577 0.876399 -0.321885
-0.578141 0.857998 -0.31349
-0.57151 0.838558 -0.305134
-0.564874 0.818558 -0.297087
-0.557865 0.797955 -0.28899
-0.551047 0.777625 -0.281331
-0.543847 0.757182 -0.273632
-0.536468 0.737138 -0.26622
-0.528799 0.717652 -0.258787
-0.521136 0.698891 -0.25166
-0.513498 0.680859 -0.244881
-0.505656 0.66365 -0.238275
-0.497417 0.647203 -0.231654
-0.489141 0.631675 -0.225283
-0.48083 0.616903 -0.219196
-0.472462 0.602939 -0.213297
-0.463629 0.589774 -0.207383
-0.455003 0.577246 -0.201969
-0.446237 0.565416 -0.196551
-0.437501 0.554177 -0.191324
-0.428652 0.543543 -0.186355
-0.419578 0.533515 -0.18147
-0.410432 0.524012 -0.1768
-0.401461 0.514889 -0.172204
-0.392442 0.506283 -0.167954
-0.383553 0.49802 -0.163694
-0.374677 0.490142 -0.159731
-0.365418 0.48277 -0.155699
-0.356488 0.47565 -0.152012
-0.347905 0.468736 -0.148393
-0.339139 0.462216 -0.144938
-0.330394 0.456031 -0.141421
-0.321691 0.450093 -0.138083
-0.313308 -0.555721 0.865083
-0.304786 -0.548577 0.846114
-0.296942 -0.54143 0.82623
-0.288666 -0.533941 0.805982
-0.28089 -0.526374 0.785524
-0.273353 -0.518753 0.764987
-0.265974 -0.510886 0.744821
-0.25847 -0.502858 0.725212
-0.251406 -0.494753 0.706209
-0.245042 -0.486606 0.687558
-0.237877 -0.478081 0.670446
-0.231486 -0.469649 0.653514
-0.225277 -0.461053 0.637716
-0.218684 -0.452287 0.622918
-0.21277 -0.443544 0.608643
-0.207121 -0.434685 0.59522
-0.201981 -0.425794 0.58203
-0.196545 -0.416818 0.57004
-0.191054 -0.407788 0.558829
-0.186191 -0.398841 0.547864
-0.181654 -0.389789 0.537387
-0.176864 -0.380765 0.527746
-0.172345 -0.371787 0.518433
-0.168049 -0.362795 0.509641
-0.163724 -0.353956 0.501322
-0.159725 -0.345139 0.493315
-0.155588 -0.336431 0.485906
-0.15193 -0.327804 0.478535
-0.148607 -0.319262 0.471413
-0.14473 -0.310938 0.464968
-0.141465 -0.302702 0.458596
-0.138269 -0.294549 0.452407
-0.13467 -0.286729 0.446894
0.867664 -0.278831 -0.559158
0.848905 -0.271248 -0.552058
0.829036 -0.263828 -0.544979
0.808839 -0.25666 -0.537578
0.788469 -0.249677 -0.52997
0.768057 -0.242873 -0.522308
0.747815 -0.236237 -0.514582
0.727717 -0.229605 -0.506806
0.708736 -0.223432 -0.49866
0.690468 -0.217468 -0.490358
0.672673 -0.211448 -0.482173
0.655771 -0.205744 -0.473724
0.639843 -0.200317 -0.46519
0.624739 -0.195036 -0.45646
0.610089 -0.189681 -0.447897
0.596624 -0.184846 -0.43891
0.583758 -0.180031 -0.429994
0.571649 -0.175507 -0.421002
0.560104 -0.171024 -0.412012
0.54909 -0.166622 -0.403105
0.538928 -0.162722 -0.393867
0.529058 -0.158607 -0.384894
0.519969 -0.154954 -0.375669
0.510934 -0.151064 -0.366879
0.50237 -0.147319 -0.358068
0.494286 -0.143749 -0.349295
0.486558 -0.140353 -0.340578
0.479362 -0.13718 -0.331787
0.472499 -0.134211 -0.323145
0.465696 -0.131094 -0.314803
0.459278 -0.128076 -0.306574
0.453205 -0.125294 -0.298313
0.44736 -0.12264 -0.290269
-0.558474 0.880444 -0.282625
-0.55121 0.862092 -0.274711
-0.544133 0.843009 -0.267323
-0.536774 0.823052 -0.260059
-0.529241 0.802577 -0.25285
-0.521709 0.782117 -0.24598
-0.51385 0.761594 -0.239274
-0.50592 0.741488 -0.232651
-0.497693 0.721897 -0.226227
-0.489578 0.702957 -0.220138
-0.481062 0.684737 -0.214174
-0.472751 0.667374 -0.208385
-0.464176 0.65083 -0.202819
-0.455679 0.635058 -0.197458
-0.446852 0.620166 -0.192243
-0.437978 0.605971 -0.18721
-0.429061 0.59262 -0.182357
-0.41997 0.580006 -0.17751
-0.410956 0.56797 -0.172929
-0.402016 0.556644 -0.168592
-0.393041 0.545871 -0.164425
-0.384019 0.535676 -0.160394
-0.374905 0.526035 -0.156444
-0.365826 0.516917 -0.152535
-0.357042 0.508147 -0.14895
-0.348484 0.499735 -0.145529
-0.339558 0.491859 -0.142105
-0.330837 0.484325 -0.138737
-0.322284 0.477138 -0.135551
-0.313791 0.470275 -0.132482
-0.305599 0.463669 -0.129564
-0.297331 0.457414 -0.126668
-0.289506 0.451323 -0.123916
-0.281243 -0.554405 0.879106
-0.273853 -0.547373 0.860731
-0.266393 -0.540078 0.84148
-0.258816 -0.532609 0.821732
-0.251967 -0.525088 0.801238
-0.244942 -0.517327 0.78071
-0.238368 -0.509521 0.760185
-0.231734 -0.501429 0.740156
-0.225302 -0.493257 0.72066
-0.219438 -0.485049 0.701625
-0.213414 -0.476617 0.683674
-0.207393 -0.468041 0.666554
-0.202006 -0.459517 0.649799
-0.196735 -0.450804 0.634148
-0.191386 -0.441956 0.61936
-0.186524 -0.433115 0.605075
-0.181615 -0.424174 0.591872
-0.17703 -0.415215 0.579246
-0.172277 -0.406184 0.567479
-0.168151 -0.39717 0.555959
-0.16398 -0.388119 0.54519
-0.159954 -0.379135 0.53505
-0.155864 -0.370165 0.525513
-0.152207 -0.361226 0.516305
-0.148291 -0.35236 0.50776
-0.144652 -0.343604 0.499565
-0.141567 -0.334884 0.491451
-0.138235 -0.326262 0.484016
-0.135064 -0.317833 0.476901
-0.13216 -0.309411 0.469945
-0.129121 -0.30121 0.463419
-0.126439 -0.29312 0.457046
-0.123367 -0.285293 0.451228
0.878912 -0.277512 -0.554774
0.860692 -0.269957 -0.547694
0.841381 -0.26255 -0.54046
0.821387 -0.255345 -0.533048
0.801055 -0.248355 -0.525475
0.780475 -0.241593 -0.517695
0.760047 -0.234935 -0.509831
0.740027 -0.228541 -0.501805
0.720474 -0.222348 -0.493709
0.701668 -0.216334 -0.485358
