1.82098
1.81723
1.81351
0.611319
0.612113
0.61291
0.477095
0.477647
1.05417
1.798
1.79447
1.79098
0.607716
0.608523
0.609332
0.473016
1.04605
2.78021
2.57344
2.24994
1.87711
1.18621
0.969416
0.600349
0.459694
0.580727
0.619809
3.11782
2.54151
1.55907
1.32048
0.682192
0.892892
0.906309
2.34431
0.709114
1.60836
1.60685
1.60535
0.588807
0.589681
0.590557
0.442862
0.547668
0.576806
0.776319
2.41914
1.08856
0.744279
0.881673
0.587922
1.08243
0.717487
0.959726
1.53025
1.52958
1.52891
0.584109
0.584992
0.585877
0.435926
0.525948
0.469886
0.685636
0.887359
0.331614
0.725387
0.584798
0.585684
0.434659
0.882418
0.435627
1.20277
3.04438
3.53519
0.581454
0.582338
0.583223
0.506615
0.552463
1.19358
1.91933
3.2644
1.07026
0.515008
0.839754
0.497932
1.02335
0.431931
1.65585
0.795057
1.37232
3.16476
0.953875
0.594815
0.586387
0.807687
1.26491
0.70473
0.824735
3.64463
3.88629
0.607375
0.612713
0.642356
0.625417
0.451176
0.73167
2.44618
1.21384
1.21566
0.595289
0.596181
0.597075
0.438868
0.442529
0.64508
1.97107
2.14484
3.17652
0.730633
1.25379
0.605321
0.59007
0.415564
3.12691
2.22623
2.85522
1.13361
0.613259
0.614177
0.615096
0.44738
0.647609
0.373083
2.2849
2.82377
3.44244
0.78699
1.11035
0.626584
0.457585
1.82656
1.8396
1.30819
0.784735
3.52802
0.537703
1.08955
1.07369
0.649788
0.841958
0.840936
1.05382
1.05571
1.0576
0.638998
0.639952
0.640907
0.569164
0.837952
0.280972
0.815553
2.41199
0.817753
0.641268
0.642225
0.643184
0.462488
0.541227
0.487148
0.650782
0.87336
1.05467
0.640462
0.641413
0.642366
0.461963
0.348221
1.10505
0.381318
3.29347
0.882674
1.3592
0.359404
1.08327
3.00828
0.376761
0.799568
2.51303
1.58265
0.167401
0.654347
0.655313
0.507425
0.466763
0.487189
1.24035
2.49655
1.17541
2.97812
0.754292
0.639841
0.631814
0.474249
0.474941
